#Table 1
#New SAAO BV(RI)_C Data for Praesepe and the Hyades
#
#vB/KW^a Number  V^b B - V^b V - R^b R - I^b V - I^b 
#vB  15  8.041  5.6    0.669  3.2    0.357  3.2    0.341  3.5    0.697  3.9    
#vB  35  6.777  7.1    0.443  4.3    0.254  4.6    0.236  4.8    0.493  5.5    
#vB  44  7.157  5.6    0.466  3.2    0.259  3.2    0.258  3.5    0.519  3.9    
#vB  48  7.105  6.0    0.532  3.6    0.287  3.5    0.285  3.8    0.575  3.9    
#vB  81  7.087  6.0    0.481  3.6    0.278  3.5    0.278  3.8    0.555  4.2    
KW  31  9.726  2.5    0.550  3.0    0.306  2.4    0.285  3.1    0.591  2.6    
KW  34  9.453  2.5    0.430  3.0    0.240  2.4    0.238  3.1    0.478  2.6    
KW  40  7.756  2.5    0.191  3.0    0.091  2.4    0.093  3.1    0.184  2.6    
KW  45  8.245  2.5    0.242  3.0    0.130  2.4    0.127  3.1    0.256  2.6    
KW  124 8.988  2.7    0.328  3.2    0.182  2.5    0.183  3.3    0.365  2.8    
KW  155 9.413  2.7    0.422  3.2    0.231  2.5    0.233  3.3    0.464  2.8    
KW  250 9.788  2.7    0.464  3.2    0.261  2.5    0.267  3.3    0.528  2.8    
KW  265 6.602  2.5    0.001  3.0   -0.005  2.4    0.010  3.1    0.005  2.6    
KW  295 9.359  2.5    0.423  3.0    0.235  2.4    0.233  3.1    0.468  2.6    
KW  318 8.648  2.5    0.297  3.0    0.159  2.4    0.154  3.1    0.313  2.6    
KW  439 9.421  2.7    0.396  3.2    0.233  2.5    0.226  3.3    0.459  2.8    
KW  458 9.706  2.7    0.565  3.2    0.308  2.5    0.292  3.3    0.600  2.8    
KW  459 9.211  2.7    0.392  3.2    0.226  2.5    0.219  3.3    0.444  2.8    
KW  478 9.679  2.7    0.442  3.2    0.254  2.5    0.249  3.3    0.503  2.8    

