# No    Ref   V      BV      UB     N
0514    409 12.35   0.92    
0515    409 10.14   0.51    0.04    2
0529    409 14.05   0.76    
0549    409 10.12   0.50    0.03    2
0556    409 10.49   +0.57   *0.08   2
0851    409 10.25   +0.56   +0.08   2
0869    409 12.30   +0.92   
1023    409 9.69    +0.42   -0.03   2
1129    409 11.83   +0.80   
1142    409 10.34   +0.59   +0.10   2
1184    409 11.85   +0.79   
1288    409 11.86   +0.80   
1299    409 8.82    +0.48   -0.01   2
1611    409 12.18   +0.68   
2025    409 11.60   0.82    
2146    409 11.92   0.77    
2218    409 10.41   0.56    0.07    2
2278    409 11.27   0.70    
2353    409 10.13   0.52    0.03    2
2384    409 8.84    0.33    0.09    2
2432    409 12.31   0.57    
2449    409 11.82   0.83    
2673    409 11.03   0.60    
2676    409 11.80   0.70    
2680    409 10.40   0.54    0.05    2
2686    409 11.91   0.83    
2692    409 10.92   0.72    0.34    2
2700    409 9.51    0.46    0.01    2
2717    409 8.51    0.28    0.08    2
2736    409 8.03    0.24    0.13    2
2772    409 8.39    0.24    0.06    2
2780    409 12.82   0.70    
2807    409 10.75   0.60    0.12    2
3004    409 9.02    1.22    1.30    2
3076    409 11.19   0.70    0.20    2
3103    409 10.89   0.62    0.12    2
3368    409 11.69   0.66    
3532    409 10.59   0.71    0.26    2
3563    409 12.34   0.90    
3589    409 9.46    0.42    -0.02   2
3596    409 10.56   0.56    0.11    2
3600    409 9.82    0.46    0.02    2
3606    409 11.54   0.56    
3614    409 11.93   0.87    
3655    409 10.47   0.69    0.19    2
3660    409 11.43   0.72    
3801    409 9.96    1.13    1.15    2
3802    409 10.16   1.02    
3803    409 9.86    0.46    0.00    2
3804    409 6.47    1.52    1.70    2
3805    409 10.91   0.46    
3807    409 11.65   0.72    
3808    409 11.58   0.47    
3809    409 12.23   0.73    
3810    409 12.08   0.57    
3811    409 12.80   0.91    
3813    409 8.42    0.26    0.12    2
3815    409 10.82   0.60    0.17    2
3816    409 8.96    0.53    -0.03   2
3817    409 9.77    0.44    -0.01   2
3818    409 12.26   0.68    
3819    409 11.61   0.56    
3820    409 11.51   0.52    0.05    2
3822    409 11.69   0.77    
3823    409 12.55   0.67    
3826    409 12.09   0.52    
3827    409 13.24   0.49    
3828    409 12.37   1.11    
3829    409 10.04   0.53    
3830    409 8.77    0.44    -0.03   2
3831    409 11.92   0.52    
3832    409 12.52   0.77    
3833    409 12.61   0.57    
3837    409 12.81   0.53    
3838    409 12.81   0.84    
3839    409 10.95   0.62    
3845    409 8.27    0.23    0.11    2
3846    409 7.87    0.36    0.10    2
3847    409 13.07   1.07    
3848    409 11.91   0.91    
3849    409 12.14   0.76    
3850    409 12.10   0.79    
3853    409 12.68   0.70    
3854    409 13.00   0.93    
3855    409 11.45   0.58    
3856    409 11.93   0.81    
3857    409 12.66   0.88    
3858    409 11.22   0.68    0.23    2
3859    409 9.96    0.58    0.13    2
3860    409 10.23   0.42    -0.04   2
3861    409 9.97    0.67    0.24    2
3862    409 11.32   0.70    
3863    409 10.11   0.50    
3864    409 11.97   0.58    
3865    409 11.20   0.52    
3866    409 9.67    0.45    0.01    2
3867    409 9.88    0.49    0.04    2
3868    409 10.68   0.28    
3869    409 10.62   0.58    0.07    2
3870    409 11.82   0.54    
3871    409 11.81   0.80    
3872    409 10.66   0.52    
3873    409 12.81   0.59    
3874    409 8.02    1.00    0.75    2
3875    409 10.84   0.62    
3876    409 12.26   0.63    
3877    409 8.60    1.44    1.89    2
3878    409 8.61    0.48    -0.07   2
3879    409 11.14   1.03    0.82    2
3880    409 11.75   0.52    
3881    409 10.49   0.51    
3882    409 13.41   0.75    
3883    409 12.55   0.64    
3884    409 12.63   1.02    
3885    409 12.58   0.66    
3886    409 12.14   0.80    
3887    409 13.27   1.06    
