#Star     Rem         V       B-V  U-B  N   Code
NGC 2632  48        12.28   +0.90       1   0226320048
NGC 2632  70        11.78   +0.80       2   0226320070
NGC 2632 172        12.50   +0.95       2   0226320172
NGC 2632 183        12.58   +0.97       1   0226320183
NGC 2632 198        12.59   +0.96       3   0226320198
NGC 2632 246        12.01   +0.84       2   0226320246
NGC 2632 267        13.17   +1.08       2   0226320267
NGC 2632 299        13.17   +1.07       2   0226320299
NGC 2632 563        16.11   +1.60       1   0226320563
NGC 2632 572        14.54   +0.96       1   0226320572
NGC 2632 573        16.06   +1.50       2   0226320573
