#Seq    RAJ2000      DEJ2000   Note   Zmag     e     Ymag     e     Jmag     e     Hmag     e     K1mag    e     K2mag    e     pmRA     e     pmDE     e     GCS9
#        "h:m:s"      "d:m:s"           mag    mag     mag    mag     mag    mag     mag    mag     mag    mag     mag    mag   mas/yr mas/yr  mas/yr mas/yr      
9999  08 43 22.72  +22 26 46.6       99.999 99.999  19.734  0.123  18.154  0.049  17.377  0.062  16.630  0.049  16.641  0.029  -34.55   5.91  -16.26   5.91  GCS9
9999  08 45 07.82  +21 17 29.2       99.999 99.999  19.665  0.146  18.358  0.082  17.770  0.063  17.041  0.058  17.041  0.041  -11.85   7.63   -1.27   7.63  GCS9
9999  08 40 20.81  +20 05 21.4       99.999 99.999  19.310  0.076  18.241  0.049  17.637  0.072  16.966  0.072  16.898  0.033  -43.70   5.78   -9.07   5.78  GCS9
9999  08 37 15.19  +20 09 51.2       99.999 99.999  19.314  0.076  18.097  0.047  17.293  0.039  16.553  0.049  16.560  0.025  -34.20   5.97    1.55   5.97  GCS9
9999  08 36 36.89  +20 07 00.7       99.999 99.999  19.269  0.072  18.225  0.053  17.433  0.044  16.717  0.054  16.727  0.029  -29.03   6.38   -8.23   6.38  GCS9
9999  08 38 03.30  +19 47 15.0       99.999 99.999  19.881  0.147  18.333  0.068  17.403  0.043  16.720  0.049  16.725  0.031  -31.72   8.39    7.77   8.39  GCS9
9999  08 45 47.32  +20 05 25.8       99.999 99.999  19.686  0.117  18.504  0.076  17.848  0.069  17.534  0.110  17.570  0.068  -13.04   8.35  -27.58   8.35  GCS9
9999  08 34 22.13  +19 54 38.7       99.999 99.999  20.011  0.161  18.623  0.087  18.104  0.094  17.560  0.124  17.536  0.068  -28.77  10.31  -34.87  10.31  GCS9
9999  08 39 22.81  +19 40 37.1       99.999 99.999  19.743  0.113  18.472  0.066  17.751  0.071  17.050  0.068  17.123  0.039  -42.70   6.02   -2.48   6.02  GCS9
9999  08 39 01.37  +20 35 04.1       99.999 99.999  19.735  0.111  18.546  0.053  17.882  0.071  17.286  0.070  17.280  0.051  -38.44   6.47   -4.31   6.47  GCS9
9999  08 38 05.45  +19 23 27.7       99.999 99.999  19.484  0.095  18.246  0.057  17.510  0.045  16.993  0.057  16.882  0.032  -39.10   8.34  -14.61   8.34  GCS9
9999  08 47 35.00  +17 49 53.0       99.999 99.999  19.925  0.149  18.602  0.099  17.854  0.065  17.409  0.085  17.523  0.060  -21.59  11.13  -14.85  11.13  GCS9
9999  08 44 25.06  +17 50 52.9       99.999 99.999  19.743  0.124  18.418  0.085  17.799  0.063  16.883  0.052  16.930  0.035  -28.17   6.92    8.40   6.92  GCS9
9999  08 54 12.81  +18 26 11.7       99.999 99.999  19.825  0.146  18.567  0.075  17.943  0.072  17.377  0.099  17.300  0.050  -30.57   8.63   -2.17   8.63  GCS9
9999  08 35 32.57  +17 06 30.9       99.999 99.999  19.562  0.105  18.436  0.064  17.852  0.073  17.193  0.071  17.160  0.047  -14.73   6.72  -18.78   6.72  GCS9
9999  08 33 42.21  +18 47 10.3       99.999 99.999  19.784  0.110  18.427  0.066  17.615  0.061  17.015  0.064  17.029  0.039  -33.11   6.29   -9.67   6.29  GCS9
9999  08 47 13.71  +18 16 38.3       99.999 99.999  99.999 99.999  18.693  0.119  17.675  0.060  16.954  0.064  16.967  0.041  -40.67   9.93    6.83   9.93  GCS9
9999  08 43 52.01  +17 39 20.7       99.999 99.999  99.999 99.999  18.552  0.091  17.894  0.066  17.178  0.063  17.203  0.044  -19.91   9.48  -17.76   9.48  GCS9
