NGC 2632  48        12.32   +0.90       3   0226320048
NGC 2632  52        12.28   +0.91       2   0226320052
NGC 2632  60        12.92   +0.98       3   0226320060
NGC 2632  70        11.84   +0.78       2   0226320070
NGC 2632  79        12.08   +0.86       2   0226320079
NGC 2632  93        14.15   +0.52       3   0226320093
NGC 2632 141        12.39   +0.93       3   0226320141
NGC 2632 172        12.55   +0.94       2   0226320172
NGC 2632 183        12.62   +1.00       3   0226320183
NGC 2632 184        11.68   +0.90       2   0226320184
NGC 2632 198        12.62   +0.97       3   0226320198
NGC 2632 209        12.73   +0.98       3   0226320209
NGC 2632 213        11.84   +0.77       2   0226320213
NGC 2632 236        11.94   +1.00       2   0226320236
NGC 2632 237        12.88   +0.99       2   0226320237
NGC 2632 246        12.07   +0.82       2   0226320246
NGC 2632 256        12.62   +1.00       2   0226320256
NGC 2632 263        12.02   +0.81       2   0226320263
NGC 2632 267        13.19   +1.11       3   0226320267
NGC 2632 272        12.70   +1.01       3   0226320272
NGC 2632 299        13.22   +1.08       3   0226320299
NGC 2632 313        12.18   +0.87       2   0226320313
NGC 2632 344        12.10   +0.86       3   0226320344
NGC 2632 347        12.59   +0.75       3   0226320347
NGC 2632 349        12.23   +0.86       2   0226320349
NGC 2632 363        12.45   +0.93       2   0226320363
NGC 2632 390        12.96   +1.04       3   0226320390
NGC 2632 415        13.09   +1.07       3   0226320415
NGC 2632 417        12.35   +0.88       3   0226320417
NGC 2632 430        12.06   +0.84       2   0226320430
NGC 2632 448        12.16   +0.86       3   0226320448
NGC 2632 460        12.09   +0.89       2   0226320460
NGC 2632 471        12.14   +0.85       3   0226320471
NGC 2632 474        12.14   +0.99       2   0226320474
NGC 2632 476        11.63   +0.76       3   0226320476
NGC 2632 492        12.11   +0.84       3   0226320492
NGC 2632 514        12.34   +0.93       2   0226320514
NGC 2632 530        12.26   +0.77       3   0226320530
NGC 2632 550        12.37   +0.67       2   0226320550
NGC 2632 551        12.67   +0.96       2   0226320551
NGC 2632 559        14.03   +1.24       4   0226320559
NGC 2632 560        13.93   +1.33       4   0226320560
NGC 2632 561        14.44   +1.38       4   0226320561
NGC 2632 566        14.92   +1.44       4   0226320566
NGC 2632 569        15.20   +1.52       5   0226320569
NGC 2632 571        15.41   +1.36       4   0226320571
NGC 2632 572        14.57   +0.99       1   0226320572
NGC 2632 574        13.64   +1.23       3   0226320574
NGC 2632 575        14.31   +1.29       3   0226320575
NGC 2632 577        14.67   +1.46       4   0226320577
NGC 2632 1751       13.79   +1.20       4   0226321751
NGC 2632 2183       13.56   +1.17       4   0226322183
NGC 2632 2233       13.58   +1.24       4   0226322233
NGC 2632 6391       13.91   +1.33       4   0226326391
NGC 2632 6556       14.23   +1.43       4   0226326556
