# No    Ref    V       V-R     R-I      n
 0048    15  12.320   0.390   0.300     3
 0048    27  12.280   0.410   0.320     1
 0052    15  12.280   0.380   0.300     2
 0060    15  12.920   0.450   0.340     3
 0070    15  11.840   0.310   0.260     2
 0070    27  11.780   0.330   0.280     2
 0079    15  12.080   0.390   0.340     2
 0090    27  10.840   0.290   0.260     1
 0092    18  13.320   0.250   0.230     2
 0141    15  12.390   0.420   0.320     3
 0172    15  12.550   0.420   0.320     2
 0172    18  12.530   0.440   0.340     2
 0172    27  12.500   0.420   0.320     1
 0183    15  12.620   0.490   0.400     3
 0183    18  12.610   0.500   0.430     2
 0183    27  12.580   0.510   0.420     1
 0184    15  11.680   0.390   0.310     2
 0184    27  11.560   0.410   0.320     1
 0198    15  12.620   0.450   0.350     3
 0198    27  12.590   0.480   0.360     3
 0209    15  12.730   0.450   0.340     3
 0209    18  12.720   0.470   0.350     2
 0213    15  11.840   0.330   0.270     2
 0213    18  11.810   0.340   0.270     3
 0236    15  11.940   0.480   0.370     2
 0236    18  11.940   0.500   0.360     3
 0237    15  12.880   0.470   0.360     2
 0237    18  12.860   0.490   0.360     4
 0246    15  12.070   0.370   0.310     2
 0246    27  12.010   0.370   0.320     2
 0250    18  15.100   0.410   0.370     1
 0256    15  12.620   0.490   0.410     2
 0263    15  12.020   0.340   0.280     2
 0263    18  12.010   0.360   0.280     4
 0267    15  13.190   0.540   0.400     3
 0267    27  13.170   0.580   0.390     2
 0272    15  12.700   0.530   0.430     3
 0283    18  13.600   0.460   0.260     1
 0299    15  13.220   0.540   0.400     3
 0299    18  13.220   0.570   0.410     2
 0299    27  13.170   0.560   0.400     2
 0313    15  12.180   0.380   0.300     2
 0313    18  12.200   0.400   0.320     5
 0344    15  12.100   0.360   0.290     3
 0344    18  12.140   0.390   0.310     3
 0347    15  12.590   0.310   0.260     3
 0349    15  12.230   0.370   0.290     2
 0350    18  14.600   0.200   0.170     2
 0353    18  12.350   0.410   0.320     3
 0363    15  12.450   0.410   0.320     2
 0381    18  13.500   0.330   0.250     2
 0390    15  12.960   0.490   0.370     3
 0401    18  12.970   0.550   0.470     3
 0415    15  13.090   0.520   0.380     3
 0417    15  12.350   0.380   0.310     3
 0430    15  12.060   0.360   0.290     2
 0448    15  12.160   0.370   0.300     3
 0456    18  12.420   0.420   0.350     3
 0456    18  13.700   0.250   0.240     2
 0460    15  12.090   0.390   0.320     2
 0471    15  12.140   0.350   0.280     3
 0474    15  12.140   0.470   0.350     2
 0476    15  11.630   0.300   0.260     3
 0492    15  12.110   0.350   0.280     3
 0514    15  12.340   0.410   0.310     2
 0530    15  12.260   0.320   0.280     3
 0532    18  12.570   0.430   0.340     3
 0533    18  11.580   0.400   0.310     3
 0535    18  12.650   0.470   0.330     3
 0544    18  12.440   0.420   0.330     3
 0545    18  12.630   0.350   0.290     3
 0547    18  11.990   0.430   0.340     3
 0550    15  12.370   0.260   0.230     2
 0551    15  12.670   0.440   0.330     2
 0558    18  15.990   0.320   0.340     1
 0559    15  14.030   0.730   0.520     4
 0559    18  14.040   0.740   0.540     2
 0560    15  13.930   0.750   0.560     4
 0560    18  13.960   0.770   0.560     2
 0561    15  14.440   0.830   0.600     4
 0561    18  14.420   0.850   0.610     2
 0562    18  16.300   0.430   0.310     1
 0563    18  16.060   1.230   1.100     3
 0563    27  16.110   1.230   1.100     1
 0564    18  15.860   1.080   0.880     3
 0565    18  15.770   1.030   0.780     3
 0566    15  14.920   1.030   0.860     4
 0566    18  14.990   1.090   0.830     1
 0567    18  16.760   0.370   0.300     1
 0568    18  14.130   0.340   0.300     1
 0569    15  15.200   0.950   0.770     5
 0569    18  15.200   0.950   0.760     1
 0570    18  15.350   1.020   0.810     2
 0571    15  15.410   1.050   0.820     4
 0571    18  15.780   1.040   0.830     3
 0572    15  14.570   0.400   0.350     1
 0572    27  14.540   0.480   0.390     1
 0573    18  16.080   1.120   0.930     2
 0573    27  16.060   1.080   0.930     2
 0574    15  13.640   0.660   0.470     3
 0575    15  14.310   0.810   0.570     3
 0576    18  13.720   0.390   0.330     1
 0577    15  14.670   1.000   0.800     4
 0784    27  16.650   1.220   1.070     1
 0805    27  16.820   1.260   1.140     1
 0826    27  16.290   1.110   0.950     1
 0832    27  14.590   0.870   0.610     1
 0837    18  14.220   0.800   0.550     4
 0837    27  14.160   0.790   0.550     2
 0838    27  15.920   1.040   0.950     1
 0843    27  16.920   1.310   1.200     3
 0844    27  13.750   0.680   0.480     2
 0851    42  10.250   0.200   0.180     2
 0853    27  16.730   1.200   1.080     2
 0855    27  16.470   1.120   0.980     2
 0857    27  15.870   0.910   0.620     2
 0865    27  15.120   0.940   0.700     1
 0866    18  14.380   0.840   0.580     3
 0869    42  12.300   0.400   0.320     3
 0880    18  14.430   0.870   0.630     3
 0900    27  16.110   1.170   1.070     1
 0912    27  15.200   1.010   0.810     1
 0942    27  16.510   1.180   1.050     2
 0945    27  16.380   1.220   1.040     3
 0955    27  16.000   1.090   0.960     2
 0959    18  14.170   0.790   0.530     3
 0969    18  14.500   0.920   0.660     3
 0979    18  13.700   0.680   0.450     3
 1023    42   9.690   0.140   0.130     2
 1129    42  11.830   0.340   0.290     2
 1142    42  10.340   0.230   0.200     2
 1184    42  11.850   0.360   0.350     2
 1288    42  11.860   0.350   0.280     2
 1299    42   8.820   0.170   0.150     2
 1611    42  12.180   0.280   0.240     2
 1728    18  13.790   0.630   0.430     2
 1751    15  13.790   0.680   0.470     4
 1901    15  13.910   0.740   0.550     4
 1902    15  14.230   1.000   0.770     4
 1995    18  12.970   0.690   0.470     3
 2025    42  11.600   0.380   0.330     2
 2029    18  12.900   0.510   0.370     3
 2146    42  11.920   0.330   0.280     3
 2183    15  13.560   0.620   0.440     4
 2218    42  10.410   0.200   0.190     2
 2233    15  13.580   0.640   0.440     4
 2256    18  13.670   0.660   0.470     3
 2278    42  11.270   0.280   0.240     2
 2281    18  13.230   0.580   0.400     3
 2353    42  10.130   0.180   0.180     2
 2384    42   8.840   0.070   0.060     3
 2418    18  13.670   0.680   0.480     3
 2432    42  12.310   0.230   0.220     2
 2449    42  11.820   0.370   0.330     3
 2476    42  12.350   0.430   0.320     3
 2483    42  10.140   0.180   0.160     3
 2517    42  10.120   0.170   0.170     2
 2529    42  14.050   0.320   0.260     2
 2634    42  10.490   0.230   0.200     2
 2673    42  11.030   0.230   0.190     2
 2676    42  11.800   0.280   0.260     2
 2680    42  10.400   0.200   0.180     2
 2686    42  11.910   0.350   0.290     2
 2692    42  10.920   0.330   0.250     2
 2700    42   9.510   0.180   0.170     2
 2717    42   8.510   0.040   0.040     2
 2736    42   8.030     -     0.020     2
 2772    42   8.390   0.020   0.030     2
 2780    42  12.820   0.290   0.250     2
 2807    42  10.750   0.240   0.190     2
 3004    42   9.020   0.570   0.450     2
 3076    42  11.190   0.270   0.230     3
 3103    42  10.890   0.230   0.210     3
 3368    42  11.690   0.270   0.230     2
 3478    18  14.260   0.810   0.550     3
 3493    18  13.990   0.750   0.520     3
 3520    18  13.330   0.600   0.420     3
 3532    42  10.590   0.280   0.230     2
 3563    42  12.340   0.420   0.320     3
 3589    42   9.460   0.130   0.110     2
 3596    42  10.560   0.220   0.180     2
 3600    42   9.820   0.150   0.130     3
 3606    42  11.540   0.220   0.210     2
 3614    42  11.930   0.380   0.290     3
 3655    42  10.470   0.290   0.240     2
 3660    42  11.430   0.290   0.230     3
 3801    42   9.960   0.490   0.400     2
 3802    42  10.160   0.460   0.410     2
 3803    42   9.860   0.170   0.150     2
 3805    42  10.910   0.180   0.170     2
 3807    42  11.650   0.310   0.270     2
 3808    42  11.580   0.160   0.150     2
 3809    42  12.230   0.320   0.280     2
 3810    42  12.080   0.220   0.210     2
 3811    42  12.800   0.410   0.310     3
 3813    42   8.420   0.010   0.020     2
 3815    42  10.820   0.230   0.200     3
 3816    42   8.960   0.200   0.190     2
 3817    42   9.770   0.140   0.120     2
 3818    42  12.260   0.280   0.240     2
 3819    42  11.610   0.220   0.220     2
 3820    42  11.510   0.200   0.180     3
 3822    42  11.690   0.320   0.270     3
 3823    42  12.550   0.270   0.230     2
 3826    42  12.090   0.200   0.190     2
 3827    42  13.240   0.190   0.170     2
 3828    42  12.370   0.600   0.450     3
 3829    42  10.040   0.190   0.180     2
 3830    42   8.770   0.150   0.140     2
 3831    42  11.920   0.200   0.190     2
 3832    42  12.520   0.340   0.280     2
 3833    42  12.610   0.220   0.210     3
 3835    42  12.840   0.550   0.410     3
 3837    42  12.810   0.210   0.200     3
 3838    42  12.810   0.370   0.280     2
 3839    42  10.950   0.250   0.230     2
 3845    42   8.270     -     0.010     2
 3846    42   7.870   0.090   0.090     2
 3847    42  13.070   0.550   0.410     2
 3848    42  11.910   0.430   0.310     3
 3849    42  12.140   0.320   0.290     3
 3850    42  12.100   0.330   0.260     2
 3853    42  12.680   0.270   0.240     2
 3854    42  13.000   0.440   0.340     3
 3855    42  11.450   0.230   0.190     2
 3856    42  11.930   0.340   0.260     3
 3857    42  12.660   0.380   0.330     3
 3858    42  11.220   0.270   0.230     3
 3859    42   9.960   0.220   0.200     2
 3860    42  10.230   0.120   0.110     3
 3861    42   9.970   0.260   0.210     2
 3862    42  11.320   0.280   0.230     3
 3863    42  10.110   0.180   0.180     2
 3864    42  11.970   0.220   0.200     2
 3865    42  11.200   0.190   0.180     2
 3866    42   9.670   0.140   0.120     2
 3867    42   9.880   0.170   0.140     3
 3868    42  10.680   0.020   0.040     2
 3869    42  10.620   0.210   0.210     2
 3870    42  11.820   0.220   0.220     2
 3871    42  11.810   0.340   0.260     3
 3872    42  10.660   0.180   0.160     2
 3873    42  12.810   0.230   0.220     2
 3874    42   8.020   0.460   0.400     2
 3875    42  10.840   0.240   0.190     2
 3876    42  12.260   0.260   0.250     2
 3877    42   8.600   0.720   0.540     2
 3878    42   8.610   0.170   0.150     2
 3879    42  11.140   0.440   0.360     3
 3880    42  11.750   0.190   0.180     2
 3881    42  10.490   0.180   0.150     2
 3882    42  13.410   0.320   0.260     2
 3883    42  12.550   0.260   0.240     2
 3884    42  12.630   0.510   0.390     3
 3885    42  12.580   0.270   0.220     2
 3886    42  12.140   0.350   0.290     3
 3887    42  13.270   0.580   0.470     3
 5012    18  13.670   0.730   0.500     4
 5014    18  14.160   0.390   0.310     2
 5063    18  13.610   0.390   0.310     2
 5066    18  14.190   0.630   0.420     2
 5623    18  14.330   0.580   0.420     2
 5698    18  13.500   0.660   0.500     3
 5773    18  13.750   0.390   0.320     2
