NGC 2632  92        13.32   +0.64       2   0226320092
NGC 2632 172        12.53   +0.94       2   0226320172
NGC 2632 183        12.61   +0.99       2   0226320183
NGC 2632 209        12.72   +0.97       2   0226320209
NGC 2632 213        11.81   +0.80       3   0226320213
NGC 2632 236        11.94   +1.00       3   0226320236
NGC 2632 237        12.86   +1.00       4   0226320237
NGC 2632 250        15.10   +0.85       1   0226320250
NGC 2632 263        12.01   +0.82       4   0226320263
NGC 2632 283        13.60   +0.86       1   0226320283
NGC 2632 299        13.22   +1.09       2   0226320299
NGC 2632 313        12.20   +0.89       5   0226320313
NGC 2632 344        12.14   +0.87       3   0226320344
NGC 2632 350        14.60   +0.63       2   0226320350
NGC 2632 353        12.35   +0.89       3   0226320353
NGC 2632 381        13.50   +0.75       2   0226320381
NGC 2632 401        12.97   +1.00       3   0226320401
NGC 2632 456        12.42   +0.93       3   0226320456
NGC 2632 456        13.70   +0.56       2   0226320456
NGC 2632 532        12.57   +0.98       3   0226320532
NGC 2632 533        11.58   +0.89       3   0226320533
NGC 2632 535        12.65   +0.95       3   0226320535
NGC 2632 544        12.44   +0.91       3   0226320544
NGC 2632 545        12.63   +0.78       3   0226320545
NGC 2632 547        11.99   +0.97       3   0226320547
NGC 2632 559        14.04   +1.26       2   0226320559
NGC 2632 560        13.96   +1.28       2   0226320560
NGC 2632 561        14.42   +1.36       2   0226320561
NGC 2632 566        14.99   +1.50       1   0226320566
NGC 2632 568        14.13   +0.79       1   0226320568
NGC 2632 569        15.20   +1.50       1   0226320569
NGC 2632 570        15.35   +1.49       2   0226320570
NGC 2632 576        13.72   +0.80       1   0226320576
NGC 2632 3012       13.67   +1.23       4   0226323012
NGC 2632 3014       14.16   +0.81       2   0226323014
NGC 2632 3063       13.61   +0.84       2   0226323063
NGC 2632 3066       14.19   +1.09       2   0226323066
NGC 2632 3164       14.22   +1.31       4   0226323164
NGC 2632 3172       13.79   +1.17       2   0226323172
NGC 2632 3277       14.38   +1.35       3   0226323277
NGC 2632 3342       14.43   +1.38       3   0226323342
NGC 2632 3401       12.97   +1.21       3   0226323401
NGC 2632 3427       12.90   +1.04       3   0226323427
NGC 2632 3609       14.17   +1.29       3   0226323609
NGC 2632 3623       14.33   +1.04       2   0226323623
NGC 2632 3635       13.67   +1.18       3   0226323635
NGC 2632 3637       14.50   +1.38       3   0226323637
NGC 2632 3657       15.26   +0.67       1   0226323657
NGC 2632 3657       15.27   +1.23       2   0226323657
NGC 2632 3658       13.23   +1.11       3   0226323658
NGC 2632 3695       13.70   +1.20       3   0226323695
NGC 2632 3698       13.50   +1.18       3   0226323698
NGC 2632 3706       14.26   +1.30       3   0226323706
NGC 2632 3733       13.99   +1.27       3   0226323733
NGC 2632 3773       13.75   +0.79       2   0226323773
NGC 2632 3774       13.67   +1.18       3   0226323774
NGC 2632 3777       13.33   +1.15       3   0226323777
