#   t (Gyr) =  0.120
#-----------------------------------------------------------------------------------------------------
#    M/MsTeff(K)    L/Ls  lg(g)  R(Gcm       D      Li           B           V           R           I
#-----------------------------------------------------------------------------------------------------
  0.0060   665.   -5.60   4.05   8.38  1.0000  1.0000      32.267      32.065      26.179      23.437
  0.0070   716.   -5.48   4.13   8.32  1.0000  1.0000      31.460      31.932      25.843      23.073
  0.0080   783.   -5.33   4.19   8.30  1.0000  1.0000      30.564      31.609      25.380      22.596
  0.0090   835.   -5.22   4.24   8.26  1.0000  1.0000      29.970      31.365      25.023      22.227
  0.0100   900.   -5.09   4.29   8.25  0.9850  1.0000      29.326      30.895      24.622      21.835
  0.0120  1273.   -4.43   4.31   8.79  0.4845  1.0000      27.103      27.014      21.867      19.354
  0.0150  1298.   -4.44   4.45   8.40  0.0000  1.0000      26.475      26.815      21.703      19.186
  0.0200  1484.   -4.22   4.59   8.26  0.0000  1.0000      26.738      25.606      21.006      18.717
  0.0300  1905.   -3.76   4.75   8.46  0.0000  1.0000      23.557      21.704      18.553      16.691
  0.0400  2204.   -3.47   4.83   8.85  0.0000  1.0000      22.119      20.123      17.435      15.476
  0.0500  2441.   -3.24   4.88   9.38  0.0000  0.9980      19.905      18.129      16.013      14.135
  0.0600  2606.   -3.08   4.91   9.91  0.0000  0.9180      18.527      16.875      15.045      13.294
  0.0700  2733.   -2.94   4.92  10.56  0.0000  0.3850      17.639      16.044      14.389      12.715
  0.0720  2753.   -2.92   4.92  10.68  0.0000  0.2270      17.483      15.900      14.276      12.622
  0.0750  2783.   -2.89   4.92  10.90  0.0000  0.0734      17.239      15.675      14.100      12.476
  0.0800  2824.   -2.84   4.93  11.18  0.0000  0.0010      16.917      15.372      13.862      12.285
  0.0900  2894.   -2.75   4.94  11.74  0.0000  0.0000      16.373      14.852      13.449      11.960
  0.1000  2949.   -2.67   4.94  12.40  0.0000  0.0000      15.945      14.449      13.120      11.689
  0.1100  3035.   -2.61   4.96  12.61  0.0000  0.0000      15.454      13.982      12.756      11.425
  0.1300  3117.   -2.49   4.96  13.72  0.0000  0.0000      14.865      13.414      12.276      11.044
  0.1500  3193.   -2.38   4.96  14.80  0.0000  0.0000      14.360      12.942      11.873      10.715
  0.1750  3251.   -2.28   4.95  16.10  0.0000  0.0000      13.946      12.553      11.529      10.421
  0.2000  3298.   -2.19   4.95  17.33  0.0000  0.0000      13.600      12.229      11.240      10.172
  0.2500  3374.   -2.03   4.93  19.75  0.0000  0.0000      13.039      11.683      10.742       9.747
  0.3000  3428.   -1.91   4.91  22.03  0.0000  0.0000      12.611      11.270      10.360       9.413
  0.3500  3476.   -1.80   4.89  24.36  0.0000  0.0000      12.238      10.912      10.028       9.117
  0.4000  3532.   -1.69   4.86  26.92  0.0000  0.0000      11.857      10.545       9.686       8.816
  0.4500  3598.   -1.57   4.83  29.71  0.0000  0.0000      11.459      10.161       9.328       8.509
  0.5000  3681.   -1.44   4.78  33.04  0.0000  0.0000      11.002       9.719       8.918       8.161
  0.5700  3883.   -1.23   4.73  37.54  0.0000  0.0000      10.173       8.932       8.200       7.603
  0.6000  3962.   -1.16   4.72  39.15  0.0000  0.0000       9.926       8.703       7.986       7.429
  0.6200  4007.   -1.12   4.71  40.27  0.0000  0.0000       9.782       8.569       7.860       7.323
  0.7000  4228.   -0.92   4.65  45.51  0.0000  0.0020       9.015       7.882       7.232       6.805
  0.7500  4423.   -0.78   4.62  48.70  0.0000  0.0280       8.395       7.353       6.767       6.436
  0.8000  4603.   -0.65   4.59  52.24  0.0000  0.1400       7.824       6.869       6.354       6.089
  0.8500  4772.   -0.53   4.55  56.14  0.0000  0.3290       7.317       6.439       5.989       5.764
  0.9000  4952.   -0.40   4.52  59.97  0.0000  0.5280       6.844       6.039       5.650       5.459
  0.9500  5114.   -0.29   4.49  63.83  0.0000  0.6850       6.439       5.693       5.351       5.186
  1.0000  5271.   -0.18   4.46  68.05  0.0000  0.7890       6.058       5.365       5.065       4.922
  1.0500  5426.   -0.08   4.42  72.76  0.0000  0.8560       5.692       5.051       4.785       4.662
  1.1000  5580.    0.03   4.38  77.58  0.0000  0.9020       5.348       4.756       4.520       4.414
  1.1500  5727.    0.12   4.35  82.27  0.0000  0.9330       5.035       4.489       4.280       4.191
  1.2000  5888.    0.22   4.33  86.76  0.0000  0.9550       4.730       4.231       4.047       3.976
  1.3000  6230.    0.39   4.29  94.52  0.0000  0.9790       4.168       3.758       3.624       3.591
  1.4000  6642.    0.55   4.27  99.33  0.0000  0.9900       3.658       3.345       3.264       3.275
#-----------------------------------------------------------------------------------------------------
