# No    Ref    V       V-R     R-I
 0032   213  10.878   0.083   0.371
 0034   213  10.504   0.118   0.334
 0035   213  10.614   0.116   0.360
 0068   213  11.459   0.459   2.873
 0069   213  11.208   0.083   0.449
 0070   213  11.900   0.124   0.499
 0140   213  12.852   0.061   0.675
 0144   213  14.380   0.361   0.679
 0146   213  14.769   0.421   0.695
 0147   213  13.922   0.375   0.636
 0150   213  13.958   0.310   0.616
 0352   213  15.551   0.583   0.745
 0368   213  16.871   0.842   1.288
 0501   213  18.177   0.818   1.279
 0502   213  18.896   1.017   1.593
 0503   213  17.619   0.959   1.589
 0504   213  19.943   0.979   1.906
 0505   213  21.859   1.463   1.980
 0507   213  17.092   0.813   1.232
 0508   213  21.980   1.622   1.928
 0510   213  20.736   1.035   2.120
 0512   213  13.726   0.309   0.578
 0513   213  19.014   0.857   1.555
 0514   213  19.562   0.987   1.672
 0517   213  21.559   1.311   2.119
 0519   213  17.956   0.850   1.336
 0520   213  15.176   0.558   0.768
 0522   213  20.853   1.051   1.884
 0523   213  17.980   0.871   1.464
 0524   213  20.562   1.087   1.980
 0526   213  20.766   1.051   1.942
 0527   213  19.362   0.961   1.715
 0528   213  14.770   0.444   0.665
 0531   213  21.015   1.282   2.055
 0532   213  18.468   0.957   1.689
 0533   213  18.444   0.917   1.573
 0534   213  21.788   1.287   2.213
 0535   213  19.939   1.031   1.915
 0537   213  21.117   1.219   1.888
 0538   213  17.224   0.737   1.198
 0539   213  19.318   0.928   1.765
 0540   213  14.453   0.391   0.638
 0541   213  19.999   1.056   1.773
 0542   213  20.742   0.995   2.016
 0543   213  18.457   0.942   1.754
 0544   213  16.644   0.749   1.009
 0545   213  19.014   1.023   1.800
 0547   213  15.529   0.612   0.759
 0549   213  20.354   1.067   1.800
 0550   213  17.182   0.801   1.142
 0553   213  14.335   0.412   0.634
 0554   213  14.661   0.418   0.743
 0555   213  19.774   1.016   1.899
 0556   213  17.727   0.866   1.302
 0557   213  21.058   1.279   1.878
 0558   213  14.991   0.456   0.801
 0559   213  18.352   0.892   1.491
 0560   213  18.906   0.944   1.714
 0561   213  16.214   0.678   0.902
 0562   213  17.634   0.841   1.236
 0563   213  15.093   0.480   0.694
 0565   213  19.711   1.033   1.845
 0566   213  21.684   1.087   2.264
 0567   213  15.068   0.433   0.746
 0568   213  19.196   0.957   1.737
 0569   213  18.259   0.905   1.481
 0570   213  21.461   1.006   2.201
 0571   213  20.585   1.112   1.995
 0573   213  19.113   0.957   1.671
 0575   213  20.060   0.988   1.908
 0577   213  15.529   0.575   0.659
 0578   213  21.713   1.169   2.151
 0579   213  18.012   0.840   1.344
 0580   213  20.690   1.062   2.069
 0582   213  16.711   0.738   1.010
 0583   213  20.778   1.005   2.050
 0584   213  17.864   0.871   1.354
 0585   213  16.521   0.847   1.399
 0586   213  20.885   1.325   2.140
 0587   213  19.667   0.983   1.842
 0588   213  21.410   1.066   2.155
 0589   213  20.364   1.079   1.808
 0590   213  14.905   0.371   0.750
 0591   213  20.729   1.090   1.969
 0592   213  19.513   0.952   1.833
 0593   213  15.264   0.458   0.791
 0594   213  14.747   0.432   0.670
 0595   213  18.111   1.178   1.460
 0596   213  18.480   0.920   1.695
 0597   213  20.272   1.090   2.045
 0598   213  19.125   0.918   1.883
 0599   213  19.318   0.969   1.621
 0600   213  19.087   0.880   1.536
 0601   213  16.899   0.772   1.038
 0602   213  18.431   0.878   1.508
 0603   213  19.298   0.923   1.681
 0604   213  20.427   0.987   2.070
 0605   213  19.255   0.960   1.720
 0606   213  21.155   1.196   1.951
 0607   213  17.550   0.840   1.449
 0608   213  20.162   1.018   2.150
 0609   213  17.369   0.807   1.151
 0610   213  17.776   0.842   1.297
 0611   213  20.112   0.976   1.907
 0612   213  16.949   0.784   1.061
 0613   213  20.652   1.074   2.048
 0615   213  16.214   0.698   0.882
 0616   213  15.407   0.129   1.308
 0617   213  18.134   0.817   1.244
 0618   213  19.184   0.956   1.666
 0619   213  20.510   1.004   1.968
 0620   213  14.853   0.458   0.681
 0622   213  18.695   0.938   1.648
 0623   213  15.096   0.425   0.782
 0624   213  21.147   1.257   2.078
 0625   213  19.741   0.994   1.836
 0626   213  19.123   1.011   1.912
 0629   213  17.361   0.798   1.190
 0630   213  19.581   0.938   1.725
 0631   213  17.731   0.834   1.318
 0633   213  17.731   0.955   1.181
 0634   213  20.473   1.081   1.968
 0635   213  19.776   1.018   2.012
 0637   213  14.765   0.415   0.696
 0639   213  20.518   1.030   2.029
 0640   213  17.901   0.840   1.335
 0641   213  21.408   1.501   1.804
 0642   213  19.955   1.099   2.104
 0643   213  19.423   1.019   1.921
 0644   213  15.750   0.630   0.798
 0646   213  19.539   0.921   1.809
 0647   213  15.330   0.424   0.693
 0648   213  15.112   0.429   0.652
 0649   213  18.135   0.837   1.215
 0650   213  14.942   0.302   0.584
 0651   213  14.849   0.388   0.597
 0652   213  15.594   0.481   0.694
 0654   213  15.261   0.390   0.722
 0655   213  15.244   0.441   0.692
 0656   213  16.926   0.781   1.225
 0657   213  17.785   0.972   1.794
 0658   213  17.175   0.772   1.035
 0659   213  19.151   0.961   1.772
 0660   213  14.651   0.400   0.668
 0661   213  19.495   1.021   1.714
 0662   213  15.920   0.659   0.812
 0663   213  17.845   0.916   1.591
 0664   213  18.223   0.988   1.778
 0665   213  18.840   0.966   1.747
 0666   213  16.403   0.720   0.942
 0667   213  20.463   1.026   1.923
 0668   213  16.550   0.859   1.084
 0669   213  19.857   1.061   1.816
 0670   213  15.258   0.487   0.734
 0671   213  14.088   0.365   0.644
 0672   213  20.575   1.267   1.579
 0673   213  21.040   1.132   2.101
 0674   213  19.864   1.007   1.799
 0675   213  14.972   0.459   0.704
 0676   213  17.239   0.781   1.238
 0677   213  20.568   1.026   1.966
 0678   213  18.331   0.906   1.265
 0679   213  13.321   0.245   0.548
 0680   213  19.717   0.971   1.821
 0681   213  19.069   1.027   2.087
 0682   213  18.215   0.872   1.356
 0683   213  20.576   1.105   1.870
 0684   213  17.342   0.842   1.165
 0685   213  21.126   1.202   2.023
 0686   213  14.330   0.426   0.707
 0687   213  19.634   0.905   1.676
 0688   213  19.394   0.940   1.742
 0689   213  19.183   1.169   2.198
 0690   213  19.009   0.940   1.477
 0691   213  19.440   0.974   1.696
 0692   213  20.233   1.103   1.993
 0693   213  20.764   1.205   2.071
 0694   213  18.581   0.954   1.587
 0695   213  15.837   0.664   0.773
 0696   213  15.265   0.483   0.729
 0697   213  19.824   1.081   1.871
 0698   213  19.065   0.928   1.561
 0699   213  15.463   0.529   0.624
 0700   213  15.133   0.357   0.640
 0701   213  16.532   0.649   0.885
 0702   213  16.634   0.696   0.835
 1513   213  12.594   0.250   0.547
 1611   213  12.990   0.266   0.581
 1616   213  13.253   0.230   0.578
 1619   213  13.131   0.569   0.879
 1620   213  13.106   0.228   0.572
 1621   213  13.383   0.269   0.571
 1622   213  13.029   0.233   0.547
 1623   213  13.430   0.234   0.552
 1625   213  13.781   0.353   0.649
 1627   213  13.252   0.263   0.556
 1627   213  13.509   0.275   0.562
 1630   213  12.290   0.178   0.496
 1631   213  11.724   0.119   0.496
 1658   213  14.108   0.381   0.636
 1662   213  13.961   0.265   0.619
 1664   213  13.756   0.300   0.622
