# No    Ref    V       B-V     U-B     N
 0001    92   9.050   0.080   0.040    1
 0001   440   8.960   0.120   0.110    4
 0002    92   8.820   0.070  -0.070    2
 0002   372   8.800   0.060  -0.080    1
 0002   440   8.760   0.080  -0.080    4
 0002   518   8.810   0.060  -0.060    3
 0002  1852   8.830   0.080  -0.080    2
 0003    92   9.450   0.075  -0.015    1
 0003   440   9.440   0.100  -0.020    2
 0004   440  10.790   0.380   0.180    1
 0005   372   8.540   0.040  -0.240    1
 0005   440   8.530   0.080  -0.240    4
 0005   518   8.520   0.050  -0.210    5
 0005  1383   8.510   0.050     -      4
 0006    92   8.950   0.045  -0.135    3
 0006   372   8.940   0.040  -0.140    1
 0006   440   8.890   0.040  -0.110    3
 0006   518   8.930   0.040  -0.110    4
 0007   372   9.980   0.150   0.110    1
 0007   440   9.950   0.170   0.160    3
 0007   518   9.970   0.160   0.120    3
 0008    92   9.690   0.135   0.070    2
 0008   372   9.700   0.130   0.090    1
 0008   440   9.660   0.130   0.130    2
 0008   518   9.690   0.140   0.100    3
 0009    92   9.310   0.090     -      2
 0009   372   9.290   0.110   0.010    1
 0009   440   9.270   0.140   0.010    4
 0009   518   9.290   0.120   0.010    4
 0010    92   7.790   0.025  -0.210    2
 0010   372   7.760   0.020  -0.210    1
 0010   440   7.720   0.030  -0.190    5
 0010   518   7.730   0.030  -0.210    4
 0010  1383   7.710   0.030     -      4
 0011    92   8.550   0.055  -0.040    2
 0011   372   8.560   0.060  -0.040    1
 0011   440   8.550   0.070  -0.030    3
 0011   518   8.550   0.070  -0.010    5
 0011  1383   8.540   0.050     -      4
 0012    92   9.150   0.105   0.090    2
 0012   372   9.180   0.100   0.090    1
 0012   440   9.160   0.090   0.110    1
 0012   518   9.180   0.120   0.120    4
 0013    92   8.070  -0.040  -0.320    3
 0013   372   8.080  -0.030  -0.330    1
 0013   440   8.030  -0.020  -0.340    2
 0013   518   8.060  -0.020  -0.310    4
 0013  1383   8.060  -0.040     -      4
 0014    92   9.440   0.040   0.005    2
 0014   372   9.440   0.040     -      1
 0014   440   9.420   0.050   0.010    2
 0014   518   9.430   0.060   0.040    4
 0015    92   7.620  -0.060  -0.420    3
 0015   372   7.660  -0.060  -0.380    2
 0015   440   7.590  -0.040  -0.410    2
 0015   518   7.640  -0.090  -0.380   18
 0015  1383   7.610  -0.060     -      4
 0016   372   9.650   0.100   0.110    1
 0016   440   9.600   0.150   0.170    2
 0016   518   9.650   0.110   0.120    3
 0017    92   9.790   0.190   0.090    3
 0017   372   9.770   0.180   0.100    1
 0017   440   9.750   0.200   0.090    4
 0017   518   9.770   0.180   0.110    3
 0018    92   9.600   0.075   0.075    2
 0018   372   9.580   0.090   0.060    1
 0018   440   9.530   0.130   0.110    3
 0018   518   9.590   0.090   0.080    3
 0019    92   7.870   0.040  -0.145    3
 0019   372   7.850   0.040  -0.130    1
 0019   440   7.800   0.060  -0.110    6
 0019   518   7.850   0.030  -0.110    3
 0019  1383   7.820   0.050     -      4
 0020    92   8.400   0.020  -0.195    3
 0020   372   8.390   0.040  -0.170    2
 0020   440   8.370   0.050  -0.150    4
 0020   518   8.380   0.040  -0.170    6
 0020  1383   8.380   0.030     -      4
 0021    92  10.800   0.280   0.140    4
 0021   440  10.760   0.290   0.110    1
 0022    92   9.640   0.200   0.160    2
 0022   372   9.590   0.230   0.180    1
 0022   440   9.580   0.220   0.160    1
 0022   518   9.600   0.220   0.190    3
 0023   372   8.390     -    -0.310    1
 0023   440   8.370   0.010  -0.320    3
 0023   518   8.390     -    -0.310    3
 0024    92   9.680   0.080   0.060    2
 0024   440   9.620   0.100   0.190    2
 0024   518   9.650   0.070   0.090   28
 0025    92   9.850   0.525   0.100    1
 0025   440   9.850   0.560   0.160    2
 0025   518   9.860   0.540   0.160   11
 0026    92   9.130     -    -0.180    4
 0026   372   9.100   0.030  -0.180    1
 0026   440   9.110   0.060  -0.180    4
 0026   518   9.110   0.030  -0.170   25
 0027    92  10.400   0.660   0.105    2
 0027   372  10.390   0.670   0.110    1
 0027   440  10.430   0.610  -0.060    3
 0027   518  10.400   0.670   0.120    4
 0028    92   9.940   0.125   0.120    2
 0028   372   9.950   0.130   0.140    1
 0028   440   9.940   0.160   0.130    2
 0028   518   9.950   0.150   0.140   12
 0029   440   8.260   0.050   0.010    2
 0029  1383   8.300   0.030     -      4
 0030   440  10.290   0.190   0.170    1
 0031   440  10.390   0.370   0.090    1
 0033   440   9.400   0.190   0.170    1
 0034   440  10.330   0.190   0.180    1
 0035    92  10.520   0.245   0.160    1
 0035   440  10.460   0.250   0.190    2
 0036    92   9.480   0.070   0.035    1
 0036   440   9.370   0.110  -0.010    1
 0036  1601   9.430   0.080   0.040    4
 0037    92   8.220  -0.010  -0.210    2
 0037   372   8.230     -    -0.210    1
 0037   440   8.190   0.030  -0.190    3
 0037   518   8.210   0.020  -0.200    4
 0037  1383   8.200   0.010     -      4
 0038    92   9.550   0.200   0.150    2
 0038   372   9.520   0.200   0.150    1
 0038   440   9.460   0.210   0.120    1
 0038   518   9.510   0.210   0.160    4
 0038  1601   9.500   0.220   0.140    2
 0039   372   8.790   0.070  -0.130    1
 0039   440   8.750   0.090  -0.160    2
 0039   518   8.780   0.080  -0.110    3
 0040   372   9.930   0.180   0.160    1
 0040   440   9.870   0.220   0.150    2
 0040   518   9.930   0.200   0.150    4
 0041   372   9.010   0.020  -0.090    1
 0041   440   8.980   0.050  -0.060    8
 0041   518   9.030   0.050  -0.100   15
 0041  1852   9.070   0.080  -0.230    3
 0042    92  10.640   0.270   0.190    1
 0042   440  10.570   0.270   0.220    5
 0043    92   9.400   0.105   0.010    2
 0043   440   9.360   0.090   0.050    2
 0044    92  10.900   0.330   0.175    2
 0044   440  10.840   0.340   0.210    2
 0045    92   9.880   0.190   0.150    2
 0045   372   9.870   0.180   0.170    1
 0045   440   9.860   0.190   0.190    3
 0045   518   9.880   0.190   0.180    4
 0046    92  10.390   0.390   0.100    1
 0046   440  10.360   0.380   0.110    3
 0047    92   9.670   0.230   0.120    2
 0047   372   9.680   0.220   0.140    1
 0047   440   9.650   0.220   0.170    3
 0047   518   9.690   0.230   0.150    4
 0048    92   8.820     -    -0.270    2
 0048   372   8.800     -    -0.250    1
 0048   440   8.740   0.010  -0.210    3
 0048   518   8.760   0.040  -0.240    3
 0049    92   9.830   1.340   1.440    3
 0049   372   9.820   1.340   1.430    1
 0049   440   9.750   1.360   1.460    3
 0049   518   9.820   1.350   1.420    3
 0050    92  10.120   0.160   0.085    1
 0051    92  10.780   0.290   0.135    2
 0051   440  10.730   0.320   0.170    2
 0052    92  10.290   0.410   0.125    1
 0052   440  10.230   0.410   0.070    2
 0053    92  10.520   0.140   0.110    2
 0053   372  10.530   0.130   0.120    1
 0053   518  10.540   0.140   0.090    4
 0053  1852  10.590   0.130   0.090    3
 0054    92  10.560   0.290   0.135    2
 0054   372  10.540   0.300   0.150    1
 0054   440  10.530   0.270     -      1
 0054   518  10.560   0.310   0.160    4
 0055    92  10.960   0.335   0.135    2
 0055   372  10.970   0.320   0.150    1
 0055   440  10.970   0.330   0.110    1
 0055   518  10.970   0.340   0.150    4
 0056    92  11.380   0.380   0.070    2
 0056   440  11.370   0.400   0.050    1
 0057    92  10.180   0.155   0.135    2
 0057   372  10.180   0.150   0.160    1
 0057   440  10.150   0.150   0.180    2
 0057   518  10.190   0.150   0.170    4
 0058    92   9.660   0.080   0.045    2
 0058   372   9.670   0.070   0.050    1
 0058   440   9.610   0.110   0.010    2
 0058   518   9.670   0.080   0.040    4
 0059   372  10.400   0.300   0.200    1
 0059   518  10.440   0.290   0.200    4
 0060   440  10.540   0.330   0.160    2
 0061   440  11.380   1.090   0.760    1
 0062   440  11.000   0.350   0.120    1
 0063   372   9.210   0.100   0.120    1
 0063   440   9.200   0.110   0.130    3
 0063   518   9.210   0.110   0.150    3
 0064   372  10.050   0.390   0.030    1
 0064   440  10.010   0.400   0.030    2
 0064   518  10.060   0.370   0.050    3
 0065   440   9.860   0.090   0.060    1
 0066   372  10.110   0.210   0.150    1
 0066   440  10.110   0.210   0.160    1
 0066   518  10.140   0.210   0.170    3
 0067   372  10.740   0.320   0.170    1
 0067   440  10.790   0.320   0.170    2
 0067   518  10.770   0.320   0.200    3
 0071    92  12.220   0.690   0.140    1
 0072    92  11.740   0.610   0.060    1
 0072   440  11.750   0.500     -      1
 0072   518  11.700   0.610   0.040    3
 0073    92  12.380   0.615  -0.005    2
 0074    92  11.910   0.580   0.005    2
 0074   440  12.000   0.470   0.100    1
 0075    92  12.060   0.640   0.045    1
 0075   440  12.180   0.610     -      1
 0077    92   9.720   0.115   0.080    2
 0077   372   9.710   0.110   0.090    1
 0077   440   9.650   0.110   0.100    2
 0077   518   9.720   0.110   0.100    3
 0078    92  12.870   0.660   0.085    1
 0078   440  12.740   0.650     -      1
 0078  1852  12.850   0.600   0.050    2
 0079    92  11.670   0.505   0.055    1
 0079   440  11.630   0.520   0.100    2
 0079  1852  11.700   0.470   0.050    3
 0080    92  12.210   1.200   1.130    1
 0080   372  12.170   1.210   1.040    2
 0080   518  12.170   1.200   1.150    4
 0081    92  12.030   0.540   0.050    2
 0081   372  11.970   0.560   0.040    1
 0081   518  11.990   0.560   0.040    4
 0082    92  11.950   0.575   0.015    1
 0082   440  11.980   0.480   0.130    2
 0082   518  11.970   0.540   0.040    3
 0083    92   8.400   0.045  -0.205    1
 0083   440   8.380   0.050  -0.160    2
 0083   518   8.400   0.060  -0.200    3
 0084   440  10.630   0.360   0.180    1
 0084   518  10.700   0.350   0.170    3
 0085    92  12.050   0.610   0.055    1
 0085   440  12.000   0.590   0.060    2
 0085   518  12.070   0.620   0.060    3
 0087    92  12.740   0.615   0.045    2
 0088    92  11.980   0.560   0.030    1
 0088   440  11.890   0.520   0.040    1
 0090   440  11.530   0.800   0.120    2
 0091    92   8.390  -0.040  -0.365    2
 0091   372   8.380  -0.020  -0.370    1
 0091   440   8.350  -0.020  -0.350    3
 0091   518   8.390  -0.010  -0.360   14
 0093    92  11.140   0.415   0.100    1
 0093   440  11.090   0.330   0.170    2
 0093  1852  11.180   0.380   0.130    3
 0094    92   9.620   0.090   0.045    2
 0094   372   9.600   0.100   0.050    1
 0094   440   9.580   0.110   0.060   10
 0094   518   9.600   0.110   0.050    5
 0095    92  11.760   0.500   0.060    2
 0095   440  11.740   0.490   0.160    4
 0096    92  11.260   0.490   0.170    1
 0096   440  11.150   0.400   0.070    2
 0096  1852  11.260   0.380   0.110    2
 0097    92  10.860   0.325   0.205    2
 0097   440  10.870   0.320   0.270    3
 0097  1852  10.900   0.300   0.220    2
 0098   440  10.220   0.190   0.180    1
 0100   440  12.040   0.540  -0.030    2
 0101    92  10.200   0.160   0.205    1
 0101   440  10.160   0.220   0.140    1
 0102   440  11.410   0.140  -0.160    2
 0103   440  12.320   0.700  -0.080    1
 0104   518  11.280   0.490   0.120    2
 0104  1382  11.000   0.540   0.060    3
 0106  1601  11.220   0.390   0.060    2
 0107   440  11.340   0.510   0.050    4
 0107  1601  11.310   0.540   0.090    2
 0108   440  11.150   0.400   0.100    1
 0109   440  10.810   0.290   0.130    1
 0110    92   5.160   1.750   1.830    3
 0110   372   5.180   1.780   1.950    3
 0110   440   5.180   1.770   1.880    4
 0110   515   5.209   1.785   1.871    2
 0110   518   5.190   1.760   1.980   17
 0110  1383   5.160   1.720     -      4
 0110  1601   5.210   1.760   2.000    3
 0110  1852   5.060   1.740   1.680    2
 0111    92  11.410   0.555     -      2
 0111   440  11.400   0.530   0.080    1
 0112   518   9.850   0.270   0.200    5
 0112  1382   9.820   0.270   0.190    3
 0113   372   8.380   0.130   0.140    1
 0113   518   8.380   0.170   0.160    3
 0114   372   9.450   0.100   0.040    1
 0114   518   9.440   0.110   0.040    3
 0115   372   9.050   0.060  -0.120    1
 0115   518   9.070   0.060  -0.100    3
 0116   372   8.220   0.010  -0.210    1
 0116   518   8.190   0.030  -0.210    3
 0117   372   9.610   0.090   0.040    1
 0117   518   9.620   0.100   0.050    3
 0118    92   8.870     -    -0.130    2
 0118   372   8.870   0.010  -0.120    1
 0118   518   8.880   0.020  -0.120    3
 0119    92   5.760   1.560   1.760    3
 0119   372   5.770   1.560   1.750    2
 0119   440   5.690   1.550   1.830    2
 0119   515   5.766   1.562   1.782    2
 0119   518   5.750   1.560   1.800    8
 0119  1601   5.750   1.540   1.810    3
 0120   372   6.770     -    -0.270    1
 0120   440   6.770   0.010  -0.230    1
 0120   518   6.750   0.010  -0.260    3
 0121   372  10.110   0.310   0.140    1
 0121   518  10.110   0.320   0.150    5
 0121   518  10.610   0.280   0.130    5
 0121   518  11.240   0.420   0.180    5
 0123   372   9.710   0.220   0.210    1
 0123   518   9.700   0.240   0.240    3
 0124   372   5.610   0.560  -0.010    2
 0124   518   5.610   0.570  -0.010    4
 0124   692   5.590   0.580   0.030    - 
 0124  1382   5.580   0.580   0.030    3
 0124  1383   5.580   0.570     -      4
 0125   372   9.860   1.330   1.080    1
 0125   518   9.870   1.380   1.080    3
 0125  1382   9.830   1.350   1.090    1
 0126    92   6.860   0.010  -0.330    2
 0126   372   6.900  -0.020  -0.320    1
 0126   440   6.860     -    -0.330    4
 0126   518   6.870  -0.010  -0.300   14
 0126  1383   6.860     -       -      4
 0126  1852   6.870   0.030  -0.370    2
 0127    92   8.950   0.050  -0.220    2
 0127   372   8.950   0.060  -0.230    1
 0127   440   8.920   0.070  -0.240    5
 0127   518   8.950   0.080  -0.250   19
 0127  1852   8.960   0.070  -0.270    3
 0128    92   6.720   1.285   1.175    2
 0128   188   6.730   1.280   1.170    2
 0128   372   6.710   1.280   1.170    3
 0128   440   6.690   1.280   1.200    4
 0128   515   6.735   1.283   1.215    2
 0128   518   6.710   1.280   1.190    9
 0128  1383   6.680   1.270     -      4
 0128  1601   6.680   1.270   1.210    4
 0128  1852   6.690   1.280   1.190    3
 0129    92   7.200   0.050  -0.105    3
 0129   372   7.260   0.040  -0.100    1
 0129   440   7.210   0.060  -0.080   27
 0129   518   7.230   0.050  -0.090   77
 0129  1383   7.220   0.050     -      4
 0129  1852   7.250   0.080  -0.200    3
 0130    92   6.750  -0.030  -0.310    2
 0130   372   6.770  -0.020  -0.320    1
 0130   440   6.820     -    -0.260    1
 0130   518   6.770  -0.020  -0.320    4
 0130   518   7.180   0.010  -0.330    4
 0131   372   9.690   0.410     -      1
 0131   518   9.720   0.430  -0.020    3
 0132    92   8.590   0.035  -0.180    2
 0132   372   8.570   0.040  -0.170    1
 0132   440   8.550   0.070  -0.160    5
 0132   518   8.570   0.050  -0.160    4
 0132  1852   8.610   0.060  -0.180    3
 0133    92   9.520   0.055   0.050    2
 0133   372   8.770   0.080   0.030    1
 0133   440   8.780   0.100   0.100    1
 0133   518   8.770   0.080   0.030    4
 0133   518   9.560   0.160   0.030    4
 0134    92   5.790  -0.100  -0.790    2
 0134   300   5.820  -0.080  -0.760   11
 0134   372   5.760  -0.090  -0.800    7
 0134   440   5.820  -0.080  -0.810    8
 0134   518   5.800  -0.090  -0.760   24
 0134  1383   5.800  -0.100     -      4
 0134  1506   5.840  -0.080  -0.770    3
 0134  1852   5.770  -0.030  -0.740    3
 0135   372   9.550   0.070   0.020    1
 0135   518   9.550   0.070   0.010    6
 0136    92   6.300  -0.055  -0.390    2
 0136   372   6.320  -0.050  -0.410    2
 0136   440   6.330  -0.050  -0.400    1
 0136   518   6.320  -0.050  -0.400    6
 0136   635   6.320  -0.060     -      4
 0136  1384   6.320  -0.060     -      - 
 0137    92  14.550   0.760   0.140    1
 0138    92  16.270   0.830     -      1
 0139    92  15.670   0.670   0.160    1
 0140    92  13.010   0.615   0.040    1
 0141    92  14.860   0.860   0.520    1
 0142    92  13.650   0.730   0.210    1
 0143    92  14.000   1.190   1.000    1
 0144    92  14.340   0.940   0.380    1
 0145    92  13.770   0.820   0.280    1
 0146    92  15.180   1.180   0.360    1
 0147    92  13.990   0.930   0.605    1
 0148    92  14.210   0.945   0.420    2
 0149    92  14.300   0.715   0.120    1
 0150    92  14.020   0.870   0.405    1
 0151    92  16.290   0.800   0.255    1
 0152    92  14.380   0.925   0.480    1
 0154    92  14.550   0.475   0.300    1
 0155    92  14.550   0.920   0.460    3
 0156    92  12.740   1.150   0.970    2
 0157    92  14.070   1.050   0.650    1
 0158    92  14.480   0.680   0.060    2
 0159    92  14.350   0.715   0.175    2
 0160    92  13.460   0.790   0.180    1
 0161    92  14.060   1.060   0.810    1
 0162    92  11.660   1.500   1.680    2
 0163    92  13.440   0.630   0.030    1
 0164    92  13.990   0.755   0.150    1
 0164   518  13.980   0.740   0.210    3
 0165    92  13.990   1.475     -      1
 0165   518  13.920   1.460   1.310    3
 0166    92  15.050   0.430   0.070    1
 0167    92  14.570   0.940   0.550    1
 0168    92  14.440   0.440   0.190    1
 0168   518  14.380   0.490   0.180    4
 0169    92  13.970   0.615   0.020    1
 0169   518  13.820   0.680   0.180    3
 0170    92  14.710   1.020   0.600    1
 0171    92  13.570   0.650   0.150    1
 0172    92  13.790   0.700   0.210    1
 0173    92  14.950   1.055   0.900    1
 0173   518  14.880   1.070   0.790    5
 0174    92  14.360   0.960   0.440    2
 0175    92  14.480   0.630   0.100    2
 0176    92  12.390   0.595  -0.010    1
 0177    92  12.950   0.675   0.010    1
 0179    92  13.100   1.035   0.920    2
 0180    92  15.350   0.865   0.610    1
 0181    92  14.040   0.885   0.370    2
 0182    92  15.400   0.815   0.200    1
 0184    92  12.250   0.535   0.010    2
 0186    92  13.430   0.730   0.145    2
 0187    92  12.510   0.615   0.015    1
 0188    92  14.330   0.935   0.435    1
 0189    92  15.290   0.685   0.375    1
 0190    92  12.930   0.805   0.390    1
 0191    92  14.680   0.675   0.080    1
 0194    92  12.920   0.745   0.080    1
 0195    92  13.350   0.800   0.300    1
 0196    92  14.500   1.015   0.850    1
 0197    92  12.860   0.720   0.080    2
 0198    92  14.080   0.915   0.260    1
 0199    92  13.780   0.830   0.320    1
 0200    92  13.090   0.700   0.100    1
 0201    92  14.530   0.800   0.260    1
 0202    92  14.270   0.770   0.150    1
 0203    92  13.830   0.760   0.200    2
 0205    92  12.230   0.425   0.195    1
 0206    92   9.530   0.100   0.020    2
 0206   518   9.510   0.080   0.050    4
 0207    92  14.800   0.590   0.055    2
 0208   440   8.350   0.030  -0.340    2
 0208   518   8.360   0.020  -0.320    4
 0208  1382   8.330   0.010  -0.340    3
 0209   440   8.850   0.070  -0.310    2
 0209   518   8.780   0.090  -0.250    4
 0209  1382   8.800   0.080  -0.250    3
 0210   518   8.020  -0.020  -0.270    4
 0213  1852  11.420   0.460   0.050    2
 0214   518  13.210   1.430   1.580    3
 0215   518  13.140   0.760   0.180    3
 0216   518  14.390   1.520   1.790    4
 0217   518  13.320   1.240   1.110    5
 0218   518  14.060   0.640  -0.010    3
 0219   518  15.340   0.580   0.030    4
 0220   518  13.000   0.630   0.010    3
 0221   518  12.090   0.670   0.150    3
 0222   518  11.960   0.510   0.030    3
 0223   518  13.980   0.880   0.300    3
 0224   518   5.780   0.400   0.020    3
 0224  1091   5.780   0.420     -      3
 0224  1383   5.770   0.420     -      4
 0225   518   6.730   1.240   1.160    2
 0225   658   6.730   1.240     -      4
 0225  1091   6.720   1.240     -      3
 0225  1383   6.710   1.240     -      4
 0226   518   7.850   0.010  -0.150    3
 0227   518  11.180   0.450   0.250    3
 0228   518  10.930   0.470   0.130    3
 0229   518  10.470   0.210   0.150    3
 0230   518   9.380   0.020  -0.070    6
