1.000000e-02 1.100000e-01 1.160117e+04
1.000000e-02 1.600000e-01 1.163445e+04
1.000000e-02 2.100000e-01 1.171847e+04
1.000000e-02 2.600000e-01 1.190736e+04
1.000000e-02 3.100000e-01 1.228594e+04
1.000000e-02 3.600000e-01 1.296364e+04
1.000000e-02 4.100000e-01 1.404938e+04
1.000000e-02 4.600000e-01 1.561038e+04
2.000000e-02 1.200000e-01 1.160470e+04
2.000000e-02 1.700000e-01 1.164513e+04
2.000000e-02 2.200000e-01 1.174485e+04
2.000000e-02 2.700000e-01 1.196391e+04
2.000000e-02 3.200000e-01 1.239309e+04
2.000000e-02 3.700000e-01 1.314435e+04
2.000000e-02 4.200000e-01 1.432192e+04
2.000000e-02 4.700000e-01 1.597927e+04
3.000000e-02 1.300000e-01 1.160900e+04
3.000000e-02 1.800000e-01 1.165789e+04
3.000000e-02 2.300000e-01 1.177569e+04
3.000000e-02 2.800000e-01 1.202858e+04
3.000000e-02 3.300000e-01 1.251292e+04
3.000000e-02 3.800000e-01 1.334207e+04
3.000000e-02 4.300000e-01 1.461372e+04
3.000000e-02 4.800000e-01 1.636605e+04
4.000000e-02 1.400000e-01 1.161420e+04
4.000000e-02 1.900000e-01 1.167303e+04
4.000000e-02 2.400000e-01 1.181155e+04
4.000000e-02 2.900000e-01 1.210216e+04
4.000000e-02 3.400000e-01 1.264632e+04
4.000000e-02 3.900000e-01 1.355741e+04
4.000000e-02 4.400000e-01 1.492480e+04
4.000000e-02 4.900000e-01 1.676990e+04
5.000000e-02 1.500000e-01 1.162046e+04
5.000000e-02 2.000000e-01 1.169093e+04
5.000000e-02 2.500000e-01 1.185306e+04
5.000000e-02 3.000000e-01 1.218550e+04
5.000000e-02 3.500000e-01 1.279412e+04
5.000000e-02 4.000000e-01 1.379089e+04
5.000000e-02 4.500000e-01 1.525497e+04
5.000000e-02 5.000000e-01 1.718979e+04
6.000000e-02 1.600000e-01 1.162794e+04
6.000000e-02 2.100000e-01 1.171197e+04
6.000000e-02 2.600000e-01 1.190086e+04
6.000000e-02 3.100000e-01 1.227944e+04
6.000000e-02 3.600000e-01 1.295713e+04
6.000000e-02 4.100000e-01 1.404288e+04
6.000000e-02 4.600000e-01 1.560388e+04
6.000000e-02 5.100000e-01 1.762454e+04
7.000000e-02 1.700000e-01 1.163685e+04
7.000000e-02 2.200000e-01 1.173657e+04
7.000000e-02 2.700000e-01 1.195563e+04
7.000000e-02 3.200000e-01 1.238481e+04
7.000000e-02 3.700000e-01 1.313607e+04
7.000000e-02 4.200000e-01 1.431363e+04
7.000000e-02 4.700000e-01 1.597099e+04
7.000000e-02 5.200000e-01 1.807279e+04
8.000000e-02 1.800000e-01 1.164739e+04
8.000000e-02 2.300000e-01 1.176519e+04
8.000000e-02 2.800000e-01 1.201808e+04
8.000000e-02 3.300000e-01 1.250242e+04
8.000000e-02 3.800000e-01 1.333157e+04
8.000000e-02 4.300000e-01 1.460322e+04
8.000000e-02 4.800000e-01 1.635556e+04
8.000000e-02 5.300000e-01 1.853304e+04
9.000000e-02 1.900000e-01 1.165979e+04
9.000000e-02 2.400000e-01 1.179831e+04
9.000000e-02 2.900000e-01 1.208892e+04
9.000000e-02 3.400000e-01 1.263307e+04
9.000000e-02 3.900000e-01 1.354417e+04
9.000000e-02 4.400000e-01 1.491155e+04
9.000000e-02 4.900000e-01 1.675665e+04
9.000000e-02 5.400000e-01 1.900364e+04
1.000000e-01 2.000000e-01 1.167430e+04
1.000000e-01 2.500000e-01 1.183643e+04
1.000000e-01 3.000000e-01 1.216888e+04
1.000000e-01 3.500000e-01 1.277749e+04
1.000000e-01 4.000000e-01 1.377426e+04
1.000000e-01 4.500000e-01 1.523834e+04
1.000000e-01 5.000000e-01 1.717316e+04
1.000000e-01 5.500000e-01 1.948280e+04
1.100000e-01 2.100000e-01 1.169119e+04
1.100000e-01 2.600000e-01 1.188008e+04
1.100000e-01 3.100000e-01 1.225866e+04
1.100000e-01 3.600000e-01 1.293635e+04
1.100000e-01 4.100000e-01 1.402210e+04
1.100000e-01 4.600000e-01 1.558310e+04
1.100000e-01 5.100000e-01 1.760376e+04
1.100000e-01 5.600000e-01 1.996862e+04
1.200000e-01 2.200000e-01 1.171073e+04
1.200000e-01 2.700000e-01 1.192978e+04
1.200000e-01 3.200000e-01 1.235896e+04
1.200000e-01 3.700000e-01 1.311022e+04
1.200000e-01 4.200000e-01 1.428779e+04
1.200000e-01 4.700000e-01 1.594514e+04
1.200000e-01 5.200000e-01 1.804695e+04
1.200000e-01 5.700000e-01 2.045910e+04
1.300000e-01 2.300000e-01 1.173320e+04
1.300000e-01 2.800000e-01 1.198608e+04
1.300000e-01 3.300000e-01 1.247043e+04
1.300000e-01 3.800000e-01 1.329958e+04
1.300000e-01 4.300000e-01 1.457123e+04
1.300000e-01 4.800000e-01 1.632356e+04
1.300000e-01 5.300000e-01 1.850105e+04
1.300000e-01 5.800000e-01 2.095215e+04
1.400000e-01 2.400000e-01 1.175889e+04
1.400000e-01 2.900000e-01 1.204950e+04
1.400000e-01 3.400000e-01 1.259366e+04
1.400000e-01 3.900000e-01 1.350475e+04
1.400000e-01 4.400000e-01 1.487214e+04
1.400000e-01 4.900000e-01 1.671724e+04
1.400000e-01 5.400000e-01 1.896423e+04
1.400000e-01 5.900000e-01 2.144563e+04
1.500000e-01 2.500000e-01 1.178810e+04
1.500000e-01 3.000000e-01 1.212054e+04
1.500000e-01 3.500000e-01 1.272916e+04
1.500000e-01 4.000000e-01 1.372592e+04
1.500000e-01 4.500000e-01 1.519001e+04
1.500000e-01 5.000000e-01 1.712483e+04
1.500000e-01 5.500000e-01 1.943447e+04
1.500000e-01 6.000000e-01 2.193731e+04
1.600000e-01 2.600000e-01 1.182109e+04
1.600000e-01 3.100000e-01 1.219967e+04
1.600000e-01 3.600000e-01 1.287736e+04
1.600000e-01 4.100000e-01 1.396311e+04
1.600000e-01 4.600000e-01 1.552411e+04
1.600000e-01 5.100000e-01 1.754477e+04
1.600000e-01 5.600000e-01 1.990963e+04
1.600000e-01 6.100000e-01 2.242497e+04
1.700000e-01 2.700000e-01 1.185812e+04
1.700000e-01 3.200000e-01 1.228730e+04
1.700000e-01 3.700000e-01 1.303856e+04
1.700000e-01 4.200000e-01 1.421613e+04
1.700000e-01 4.700000e-01 1.587348e+04
1.700000e-01 5.200000e-01 1.797529e+04
1.700000e-01 5.700000e-01 2.038744e+04
1.700000e-01 6.200000e-01 2.290633e+04
1.800000e-01 2.800000e-01 1.189944e+04
1.800000e-01 3.300000e-01 1.238378e+04
1.800000e-01 3.800000e-01 1.321293e+04
1.800000e-01 4.300000e-01 1.448459e+04
1.800000e-01 4.800000e-01 1.623692e+04
1.800000e-01 5.300000e-01 1.841441e+04
1.800000e-01 5.800000e-01 2.086551e+04
1.800000e-01 6.300000e-01 2.337911e+04
1.900000e-01 2.900000e-01 1.194523e+04
1.900000e-01 3.400000e-01 1.248938e+04
1.900000e-01 3.900000e-01 1.340048e+04
1.900000e-01 4.400000e-01 1.476786e+04
1.900000e-01 4.900000e-01 1.661296e+04
1.900000e-01 5.400000e-01 1.885995e+04
1.900000e-01 5.900000e-01 2.134135e+04
1.900000e-01 6.400000e-01 2.384103e+04
2.000000e-01 3.000000e-01 1.199563e+04
2.000000e-01 3.500000e-01 1.260425e+04
2.000000e-01 4.000000e-01 1.360101e+04
2.000000e-01 4.500000e-01 1.506510e+04
2.000000e-01 5.000000e-01 1.699992e+04
2.000000e-01 5.500000e-01 1.930956e+04
2.000000e-01 6.000000e-01 2.181240e+04
2.000000e-01 6.500000e-01 2.428983e+04
2.100000e-01 3.100000e-01 1.205074e+04
2.100000e-01 3.600000e-01 1.272843e+04
2.100000e-01 4.100000e-01 1.381418e+04
2.100000e-01 4.600000e-01 1.537518e+04
2.100000e-01 5.100000e-01 1.739584e+04
2.100000e-01 5.600000e-01 1.976070e+04
2.100000e-01 6.100000e-01 2.227604e+04
2.100000e-01 6.600000e-01 2.472327e+04
2.200000e-01 3.200000e-01 1.211055e+04
2.200000e-01 3.700000e-01 1.286181e+04
2.200000e-01 4.200000e-01 1.403938e+04
2.200000e-01 4.700000e-01 1.569673e+04
2.200000e-01 5.200000e-01 1.779854e+04
2.200000e-01 5.700000e-01 2.021069e+04
2.200000e-01 6.200000e-01 2.272958e+04
2.200000e-01 6.700000e-01 2.513913e+04
2.300000e-01 3.300000e-01 1.217499e+04
2.300000e-01 3.800000e-01 1.300414e+04
2.300000e-01 4.300000e-01 1.427579e+04
2.300000e-01 4.800000e-01 1.602812e+04
2.300000e-01 5.300000e-01 1.820561e+04
2.300000e-01 5.800000e-01 2.065671e+04
2.300000e-01 6.300000e-01 2.317031e+04
2.300000e-01 6.800000e-01 2.553522e+04
2.400000e-01 3.400000e-01 1.224387e+04
2.400000e-01 3.900000e-01 1.315496e+04
2.400000e-01 4.400000e-01 1.452235e+04
2.400000e-01 4.900000e-01 1.636745e+04
2.400000e-01 5.400000e-01 1.861444e+04
2.400000e-01 5.900000e-01 2.109584e+04
2.400000e-01 6.400000e-01 2.359551e+04
2.400000e-01 6.900000e-01 2.590942e+04
2.500000e-01 3.500000e-01 1.231689e+04
2.500000e-01 4.000000e-01 1.331366e+04
2.500000e-01 4.500000e-01 1.477774e+04
2.500000e-01 5.000000e-01 1.671256e+04
2.500000e-01 5.500000e-01 1.902220e+04
2.500000e-01 6.000000e-01 2.152505e+04
2.500000e-01 6.500000e-01 2.400247e+04
2.500000e-01 7.000000e-01 2.625962e+04
2.600000e-01 3.600000e-01 1.239364e+04
2.600000e-01 4.100000e-01 1.347939e+04
2.600000e-01 4.600000e-01 1.504039e+04
2.600000e-01 5.100000e-01 1.706104e+04
2.600000e-01 5.600000e-01 1.942590e+04
2.600000e-01 6.100000e-01 2.194125e+04
2.600000e-01 6.600000e-01 2.438847e+04
2.600000e-01 7.100000e-01 2.658377e+04
2.700000e-01 3.700000e-01 1.247354e+04
2.700000e-01 4.200000e-01 1.365111e+04
2.700000e-01 4.700000e-01 1.530846e+04
2.700000e-01 5.200000e-01 1.741027e+04
2.700000e-01 5.700000e-01 1.982242e+04
2.700000e-01 6.200000e-01 2.234131e+04
2.700000e-01 6.700000e-01 2.475086e+04
2.700000e-01 7.200000e-01 2.687988e+04
2.800000e-01 3.800000e-01 1.255591e+04
2.800000e-01 4.300000e-01 1.382756e+04
2.800000e-01 4.800000e-01 1.557989e+04
2.800000e-01 5.300000e-01 1.775738e+04
2.800000e-01 5.800000e-01 2.020848e+04
2.800000e-01 6.300000e-01 2.272208e+04
2.800000e-01 6.800000e-01 2.508699e+04
2.800000e-01 7.300000e-01 2.714602e+04
2.900000e-01 3.900000e-01 1.263986e+04
2.900000e-01 4.400000e-01 1.400725e+04
2.900000e-01 4.900000e-01 1.585235e+04
2.900000e-01 5.400000e-01 1.809934e+04
2.900000e-01 5.900000e-01 2.058074e+04
2.900000e-01 6.400000e-01 2.308042e+04
2.900000e-01 6.900000e-01 2.539432e+04
2.900000e-01 7.400000e-01 2.738031e+04
3.000000e-01 4.000000e-01 1.272441e+04
3.000000e-01 4.500000e-01 1.418849e+04
3.000000e-01 5.000000e-01 1.612331e+04
3.000000e-01 5.500000e-01 1.843295e+04
3.000000e-01 6.000000e-01 2.093580e+04
3.000000e-01 6.500000e-01 2.341322e+04
3.000000e-01 7.000000e-01 2.567037e+04
3.000000e-01 7.500000e-01 2.758093e+04
3.100000e-01 4.100000e-01 1.280836e+04
3.100000e-01 4.600000e-01 1.436936e+04
3.100000e-01 5.100000e-01 1.639002e+04
3.100000e-01 5.600000e-01 1.875488e+04
3.100000e-01 6.100000e-01 2.127022e+04
3.100000e-01 6.600000e-01 2.371745e+04
3.100000e-01 7.100000e-01 2.591275e+04
3.100000e-01 7.600000e-01 2.774616e+04
3.200000e-01 4.200000e-01 1.289041e+04
3.200000e-01 4.700000e-01 1.454776e+04
3.200000e-01 5.200000e-01 1.664957e+04
3.200000e-01 5.700000e-01 1.906172e+04
3.200000e-01 6.200000e-01 2.158061e+04
3.200000e-01 6.700000e-01 2.399016e+04
3.200000e-01 7.200000e-01 2.611919e+04
3.200000e-01 7.700000e-01 2.787434e+04
3.300000e-01 4.300000e-01 1.296908e+04
3.300000e-01 4.800000e-01 1.472141e+04
3.300000e-01 5.300000e-01 1.689890e+04
3.300000e-01 5.800000e-01 1.935000e+04
3.300000e-01 6.300000e-01 2.186360e+04
3.300000e-01 6.800000e-01 2.422851e+04
3.300000e-01 7.300000e-01 2.628754e+04
3.300000e-01 7.800000e-01 2.796392e+04
3.400000e-01 4.400000e-01 1.304277e+04
3.400000e-01 4.900000e-01 1.488787e+04
3.400000e-01 5.400000e-01 1.713485e+04
3.400000e-01 5.900000e-01 1.961625e+04
3.400000e-01 6.400000e-01 2.211593e+04
3.400000e-01 6.900000e-01 2.442984e+04
3.400000e-01 7.400000e-01 2.641582e+04
3.400000e-01 7.900000e-01 2.801345e+04
3.500000e-01 4.500000e-01 1.310974e+04
3.500000e-01 5.000000e-01 1.504456e+04
3.500000e-01 5.500000e-01 1.735420e+04
3.500000e-01 6.000000e-01 1.985705e+04
3.500000e-01 6.500000e-01 2.233448e+04
3.500000e-01 7.000000e-01 2.459162e+04
3.500000e-01 7.500000e-01 2.650218e+04
3.500000e-01 8.000000e-01 2.802160e+04
3.600000e-01 4.600000e-01 1.316819e+04
3.600000e-01 5.100000e-01 1.518884e+04
3.600000e-01 5.600000e-01 1.755370e+04
3.600000e-01 6.100000e-01 2.006905e+04
3.600000e-01 6.600000e-01 2.251627e+04
3.600000e-01 7.100000e-01 2.471157e+04
3.600000e-01 7.600000e-01 2.654498e+04
3.600000e-01 8.100000e-01 2.798717e+04
3.700000e-01 4.700000e-01 1.321618e+04
3.700000e-01 5.200000e-01 1.531799e+04
3.700000e-01 5.700000e-01 1.773014e+04
3.700000e-01 6.200000e-01 2.024903e+04
3.700000e-01 6.700000e-01 2.265858e+04
3.700000e-01 7.200000e-01 2.478761e+04
3.700000e-01 7.700000e-01 2.654276e+04
3.700000e-01 8.200000e-01 2.790911e+04
3.800000e-01 4.800000e-01 1.325178e+04
3.800000e-01 5.300000e-01 1.542927e+04
3.800000e-01 5.800000e-01 1.788037e+04
3.800000e-01 6.300000e-01 2.039397e+04
3.800000e-01 6.800000e-01 2.275888e+04
3.800000e-01 7.300000e-01 2.481791e+04
3.800000e-01 7.800000e-01 2.649429e+04
3.800000e-01 8.300000e-01 2.778656e+04
3.900000e-01 4.900000e-01 1.327299e+04
3.900000e-01 5.400000e-01 1.551998e+04
3.900000e-01 5.900000e-01 1.800138e+04
3.900000e-01 6.400000e-01 2.050106e+04
3.900000e-01 6.900000e-01 2.281496e+04
3.900000e-01 7.400000e-01 2.480095e+04
3.900000e-01 7.900000e-01 2.639858e+04
3.900000e-01 8.400000e-01 2.761882e+04
4.000000e-01 5.000000e-01 1.327785e+04
4.000000e-01 5.500000e-01 1.558748e+04
4.000000e-01 6.000000e-01 1.809033e+04
4.000000e-01 6.500000e-01 2.056776e+04
4.000000e-01 7.000000e-01 2.282490e+04
4.000000e-01 7.500000e-01 2.473546e+04
4.000000e-01 8.000000e-01 2.625488e+04
4.000000e-01 8.500000e-01 2.740542e+04
4.100000e-01 5.100000e-01 1.326440e+04
4.100000e-01 5.600000e-01 1.562926e+04
4.100000e-01 6.100000e-01 1.814461e+04
4.100000e-01 6.600000e-01 2.059184e+04
4.100000e-01 7.100000e-01 2.278713e+04
4.100000e-01 7.600000e-01 2.462054e+04
4.100000e-01 8.100000e-01 2.606273e+04
4.100000e-01 8.600000e-01 2.714609e+04
4.200000e-01 5.200000e-01 1.323081e+04
4.200000e-01 5.700000e-01 1.564296e+04
4.200000e-01 6.200000e-01 1.816185e+04
4.200000e-01 6.700000e-01 2.057140e+04
4.200000e-01 7.200000e-01 2.270043e+04
4.200000e-01 7.700000e-01 2.445558e+04
4.200000e-01 8.200000e-01 2.582194e+04
4.200000e-01 8.700000e-01 2.684082e+04
4.300000e-01 5.300000e-01 1.317533e+04
4.300000e-01 5.800000e-01 1.562643e+04
4.300000e-01 6.300000e-01 1.814003e+04
4.300000e-01 6.800000e-01 2.050494e+04
4.300000e-01 7.300000e-01 2.256397e+04
4.300000e-01 7.800000e-01 2.424035e+04
4.300000e-01 8.300000e-01 2.553262e+04
4.300000e-01 8.800000e-01 2.648985e+04
4.400000e-01 5.400000e-01 1.309635e+04
4.400000e-01 5.900000e-01 1.557775e+04
4.400000e-01 6.400000e-01 1.807743e+04
4.400000e-01 6.900000e-01 2.039133e+04
4.400000e-01 7.400000e-01 2.237732e+04
4.400000e-01 7.900000e-01 2.397495e+04
4.400000e-01 8.400000e-01 2.519519e+04
4.400000e-01 8.900000e-01 2.609369e+04
4.500000e-01 5.500000e-01 1.299247e+04
4.500000e-01 6.000000e-01 1.549531e+04
4.500000e-01 6.500000e-01 1.797274e+04
4.500000e-01 7.000000e-01 2.022989e+04
4.500000e-01 7.500000e-01 2.214045e+04
4.500000e-01 8.000000e-01 2.365986e+04
4.500000e-01 8.500000e-01 2.481040e+04
4.500000e-01 9.000000e-01 2.565312e+04
4.600000e-01 5.600000e-01 1.286246e+04
4.600000e-01 6.100000e-01 1.537781e+04
4.600000e-01 6.600000e-01 1.782504e+04
4.600000e-01 7.100000e-01 2.002033e+04
4.600000e-01 7.600000e-01 2.185374e+04
4.600000e-01 8.100000e-01 2.329593e+04
4.600000e-01 8.600000e-01 2.437929e+04
4.600000e-01 9.100000e-01 2.516923e+04
4.700000e-01 5.700000e-01 1.270538e+04
4.700000e-01 6.200000e-01 1.522427e+04
4.700000e-01 6.700000e-01 1.763382e+04
4.700000e-01 7.200000e-01 1.976285e+04
4.700000e-01 7.700000e-01 2.151800e+04
4.700000e-01 8.200000e-01 2.288435e+04
4.700000e-01 8.700000e-01 2.390324e+04
4.700000e-01 9.200000e-01 2.464337e+04
4.800000e-01 5.800000e-01 1.252050e+04
4.800000e-01 6.300000e-01 1.503410e+04
4.800000e-01 6.800000e-01 1.739901e+04
4.800000e-01 7.300000e-01 1.945804e+04
4.800000e-01 7.800000e-01 2.113442e+04
4.800000e-01 8.300000e-01 2.242669e+04
4.800000e-01 8.800000e-01 2.338392e+04
4.800000e-01 9.300000e-01 2.407721e+04
4.900000e-01 5.900000e-01 1.230739e+04
4.900000e-01 6.400000e-01 1.480707e+04
4.900000e-01 6.900000e-01 1.712097e+04
4.900000e-01 7.400000e-01 1.910696e+04
4.900000e-01 7.900000e-01 2.070459e+04
4.900000e-01 8.400000e-01 2.192484e+04
4.900000e-01 8.900000e-01 2.282333e+04
4.900000e-01 9.400000e-01 2.347268e+04
5.000000e-01 6.000000e-01 1.206593e+04
5.000000e-01 6.500000e-01 1.454336e+04
5.000000e-01 7.000000e-01 1.680050e+04
5.000000e-01 7.500000e-01 1.871106e+04
5.000000e-01 8.000000e-01 2.023048e+04
5.000000e-01 8.500000e-01 2.138102e+04
5.000000e-01 9.000000e-01 2.222374e+04
5.000000e-01 9.500000e-01 2.283199e+04
5.100000e-01 6.100000e-01 1.179628e+04
5.100000e-01 6.600000e-01 1.424351e+04
5.100000e-01 7.100000e-01 1.643881e+04
5.100000e-01 7.600000e-01 1.827222e+04
5.100000e-01 8.100000e-01 1.971440e+04
5.100000e-01 8.600000e-01 2.079777e+04
5.100000e-01 9.100000e-01 2.158770e+04
5.100000e-01 9.600000e-01 2.215760e+04
5.200000e-01 6.200000e-01 1.149892e+04
5.200000e-01 6.700000e-01 1.390846e+04
5.200000e-01 7.200000e-01 1.603749e+04
5.200000e-01 7.700000e-01 1.779264e+04
5.200000e-01 8.200000e-01 1.915900e+04
5.200000e-01 8.700000e-01 2.017788e+04
5.200000e-01 9.200000e-01 2.091802e+04
5.200000e-01 9.700000e-01 2.145221e+04
5.300000e-01 6.300000e-01 1.117460e+04
5.300000e-01 6.800000e-01 1.353951e+04
5.300000e-01 7.300000e-01 1.559854e+04
5.300000e-01 7.800000e-01 1.727492e+04
5.300000e-01 8.300000e-01 1.856719e+04
5.300000e-01 8.800000e-01 1.952442e+04
5.300000e-01 9.300000e-01 2.021771e+04
5.300000e-01 9.800000e-01 2.071876e+04
5.400000e-01 6.400000e-01 1.082439e+04
5.400000e-01 6.900000e-01 1.313830e+04
5.400000e-01 7.400000e-01 1.512428e+04
5.400000e-01 7.900000e-01 1.672191e+04
5.400000e-01 8.400000e-01 1.794216e+04
5.400000e-01 8.900000e-01 1.884065e+04
5.400000e-01 9.400000e-01 1.949000e+04
5.400000e-01 9.900000e-01 1.996033e+04
5.500000e-01 6.500000e-01 1.044963e+04
5.500000e-01 7.000000e-01 1.270678e+04
5.500000e-01 7.500000e-01 1.461734e+04
5.500000e-01 8.000000e-01 1.613675e+04
5.500000e-01 8.500000e-01 1.728729e+04
5.500000e-01 9.000000e-01 1.813001e+04
5.500000e-01 9.500000e-01 1.873826e+04
5.500000e-01 1.000000e+00 1.918020e+04
5.600000e-01 6.600000e-01 1.005191e+04
5.600000e-01 7.100000e-01 1.224720e+04
5.600000e-01 7.600000e-01 1.408061e+04
5.600000e-01 8.100000e-01 1.552280e+04
5.600000e-01 8.600000e-01 1.660616e+04
5.600000e-01 9.100000e-01 1.739610e+04
5.600000e-01 9.600000e-01 1.796599e+04
5.600000e-01 1.010000e+00 1.838174e+04
5.700000e-01 6.700000e-01 9.633042e+03
5.700000e-01 7.200000e-01 1.176207e+04
5.700000e-01 7.700000e-01 1.351722e+04
5.700000e-01 8.200000e-01 1.488358e+04
5.700000e-01 8.700000e-01 1.590246e+04
5.700000e-01 9.200000e-01 1.664260e+04
5.700000e-01 9.700000e-01 1.717679e+04
5.700000e-01 1.020000e+00 1.756842e+04
5.800000e-01 6.800000e-01 9.195052e+03
5.800000e-01 7.300000e-01 1.125408e+04
5.800000e-01 7.800000e-01 1.293046e+04
5.800000e-01 8.300000e-01 1.422273e+04
5.800000e-01 8.800000e-01 1.517996e+04
5.800000e-01 9.300000e-01 1.587325e+04
5.800000e-01 9.800000e-01 1.637430e+04
5.800000e-01 1.030000e+00 1.674375e+04
5.900000e-01 6.900000e-01 8.740128e+03
5.900000e-01 7.400000e-01 1.072611e+04
5.900000e-01 7.900000e-01 1.232374e+04
5.900000e-01 8.400000e-01 1.354399e+04
5.900000e-01 8.900000e-01 1.444248e+04
5.900000e-01 9.400000e-01 1.509183e+04
5.900000e-01 9.900000e-01 1.556217e+04
5.900000e-01 1.040000e+00 1.591127e+04
6.000000e-01 7.000000e-01 8.270595e+03
6.000000e-01 7.500000e-01 1.018115e+04
6.000000e-01 8.000000e-01 1.170057e+04
6.000000e-01 8.500000e-01 1.285111e+04
6.000000e-01 9.000000e-01 1.369383e+04
6.000000e-01 9.500000e-01 1.430208e+04
6.000000e-01 1.000000e+00 1.474402e+04
6.000000e-01 1.050000e+00 1.507447e+04
6.100000e-01 7.100000e-01 7.788875e+03
6.100000e-01 7.600000e-01 9.622283e+03
6.100000e-01 8.100000e-01 1.106447e+04
6.100000e-01 8.600000e-01 1.214783e+04
6.100000e-01 9.100000e-01 1.293777e+04
6.100000e-01 9.600000e-01 1.350766e+04
6.100000e-01 1.010000e+00 1.392341e+04
6.100000e-01 1.060000e+00 1.423679e+04
6.200000e-01 7.200000e-01 7.297454e+03
6.200000e-01 7.700000e-01 9.052605e+03
6.200000e-01 8.200000e-01 1.041896e+04
6.200000e-01 8.700000e-01 1.143784e+04
6.200000e-01 9.200000e-01 1.217798e+04
6.200000e-01 9.700000e-01 1.271217e+04
6.200000e-01 1.020000e+00 1.310380e+04
6.200000e-01 1.070000e+00 1.340157e+04
6.300000e-01 7.300000e-01 6.798844e+03
6.300000e-01 7.800000e-01 8.475220e+03
6.300000e-01 8.300000e-01 9.767492e+03
6.300000e-01 8.800000e-01 1.072472e+04
6.300000e-01 9.300000e-01 1.141802e+04
6.300000e-01 9.800000e-01 1.191906e+04
6.300000e-01 1.030000e+00 1.228851e+04
6.300000e-01 1.080000e+00 1.257202e+04
6.400000e-01 7.400000e-01 6.295550e+03
6.400000e-01 7.900000e-01 7.893179e+03
6.400000e-01 8.400000e-01 9.113427e+03
6.400000e-01 8.900000e-01 1.001192e+04
6.400000e-01 9.400000e-01 1.066127e+04
6.400000e-01 9.900000e-01 1.113160e+04
6.400000e-01 1.040000e+00 1.148071e+04
6.400000e-01 1.090000e+00 1.175119e+04
6.500000e-01 7.500000e-01 5.790033e+03
6.500000e-01 8.000000e-01 7.309448e+03
6.500000e-01 8.500000e-01 8.459989e+03
6.500000e-01 9.000000e-01 9.302707e+03
6.500000e-01 9.500000e-01 9.910954e+03
6.500000e-01 1.000000e+00 1.035290e+04
6.500000e-01 1.050000e+00 1.068335e+04
6.500000e-01 1.100000e+00 1.094193e+04
6.600000e-01 7.600000e-01 5.284683e+03
6.600000e-01 8.100000e-01 6.726871e+03
6.600000e-01 8.600000e-01 7.810235e+03
6.600000e-01 9.100000e-01 8.600171e+03
6.600000e-01 9.600000e-01 9.170063e+03
6.600000e-01 1.010000e+00 9.585809e+03
6.600000e-01 1.060000e+00 9.899192e+03
6.600000e-01 1.110000e+00 1.014689e+04
6.700000e-01 7.700000e-01 4.781791e+03
6.700000e-01 8.200000e-01 6.148145e+03
6.700000e-01 8.700000e-01 7.167030e+03
6.700000e-01 9.200000e-01 7.907167e+03
6.700000e-01 9.700000e-01 8.441361e+03
6.700000e-01 1.020000e+00 8.832985e+03
6.700000e-01 1.070000e+00 9.130759e+03
6.700000e-01 1.120000e+00 9.368506e+03
6.800000e-01 7.800000e-01 4.283520e+03
6.800000e-01 8.300000e-01 5.575792e+03
6.800000e-01 8.800000e-01 6.533023e+03
6.800000e-01 9.300000e-01 7.226316e+03
6.800000e-01 9.800000e-01 7.727361e+03
6.800000e-01 1.030000e+00 8.096812e+03
6.800000e-01 1.080000e+00 8.380322e+03
6.800000e-01 1.130000e+00 8.608950e+03
6.900000e-01 7.900000e-01 3.791891e+03
6.900000e-01 8.400000e-01 5.012138e+03
6.900000e-01 8.900000e-01 5.910629e+03
6.900000e-01 9.400000e-01 6.559982e+03
6.900000e-01 9.900000e-01 7.030315e+03
6.900000e-01 1.040000e+00 7.379417e+03
6.900000e-01 1.090000e+00 7.649897e+03
6.900000e-01 1.140000e+00 7.870152e+03
7.000000e-01 8.000000e-01 3.308760e+03
7.000000e-01 8.500000e-01 4.459301e+03
7.000000e-01 9.000000e-01 5.302019e+03
7.000000e-01 9.500000e-01 5.910266e+03
7.000000e-01 1.000000e+00 6.352207e+03
7.000000e-01 1.050000e+00 6.682659e+03
7.000000e-01 1.100000e+00 6.941238e+03
7.000000e-01 1.150000e+00 7.153782e+03
7.100000e-01 8.100000e-01 2.835810e+03
7.100000e-01 8.600000e-01 3.919174e+03
7.100000e-01 9.100000e-01 4.709110e+03
7.100000e-01 9.600000e-01 5.279002e+03
7.100000e-01 1.010000e+00 5.694748e+03
7.100000e-01 1.060000e+00 6.008131e+03
7.100000e-01 1.110000e+00 6.255831e+03
7.100000e-01 1.160000e+00 6.461252e+03
7.200000e-01 8.200000e-01 2.374539e+03
7.200000e-01 8.700000e-01 3.393424e+03
7.200000e-01 9.200000e-01 4.133561e+03
7.200000e-01 9.700000e-01 4.667755e+03
7.200000e-01 1.020000e+00 5.059379e+03
7.200000e-01 1.070000e+00 5.357152e+03
7.200000e-01 1.120000e+00 5.594900e+03
7.200000e-01 1.170000e+00 5.793714e+03
7.300000e-01 8.300000e-01 1.926254e+03
7.300000e-01 8.800000e-01 2.883485e+03
7.300000e-01 9.300000e-01 3.576778e+03
7.300000e-01 9.800000e-01 4.077823e+03
7.300000e-01 1.030000e+00 4.447274e+03
7.300000e-01 1.080000e+00 4.730784e+03
7.300000e-01 1.130000e+00 4.959413e+03
7.300000e-01 1.180000e+00 5.152070e+03
7.400000e-01 8.400000e-01 1.492073e+03
7.400000e-01 8.900000e-01 2.390564e+03
7.400000e-01 9.400000e-01 3.039916e+03
7.400000e-01 9.900000e-01 3.510250e+03
7.400000e-01 1.040000e+00 3.859351e+03
7.400000e-01 1.090000e+00 4.129832e+03
7.400000e-01 1.140000e+00 4.350087e+03
7.400000e-01 1.190000e+00 4.536979e+03
7.500000e-01 8.500000e-01 1.072922e+03
7.500000e-01 9.000000e-01 1.915640e+03
7.500000e-01 9.500000e-01 2.523887e+03
7.500000e-01 1.000000e+00 2.965828e+03
7.500000e-01 1.050000e+00 3.296281e+03
7.500000e-01 1.100000e+00 3.554859e+03
7.500000e-01 1.150000e+00 3.767403e+03
7.500000e-01 1.200000e+00 3.948869e+03
7.600000e-01 8.600000e-01 6.695434e+02
7.600000e-01 9.100000e-01 1.459479e+03
7.600000e-01 9.600000e-01 2.029371e+03
7.600000e-01 1.010000e+00 2.445117e+03
7.600000e-01 1.060000e+00 2.758500e+03
7.600000e-01 1.110000e+00 3.006200e+03
7.600000e-01 1.160000e+00 3.211621e+03
7.600000e-01 1.210000e+00 3.387950e+03
7.700000e-01 8.700000e-01 2.825003e+02
7.700000e-01 9.200000e-01 1.022637e+03
7.700000e-01 9.700000e-01 1.556831e+03
7.700000e-01 1.020000e+00 1.948455e+03
7.700000e-01 1.070000e+00 2.246229e+03
7.700000e-01 1.120000e+00 2.483976e+03
7.700000e-01 1.170000e+00 2.682790e+03
7.700000e-01 1.220000e+00 2.854229e+03
7.800000e-01 8.800000e-01 -8.781308e+01
7.800000e-01 9.300000e-01 6.054798e+02
7.800000e-01 9.800000e-01 1.106525e+03
7.800000e-01 1.030000e+00 1.475975e+03
7.800000e-01 1.080000e+00 1.759486e+03
7.800000e-01 1.130000e+00 1.988114e+03
7.800000e-01 1.180000e+00 2.180772e+03
7.800000e-01 1.230000e+00 2.347533e+03
7.900000e-01 8.900000e-01 -4.411607e+02
7.900000e-01 9.400000e-01 2.081917e+02
7.900000e-01 9.900000e-01 6.785252e+02
7.900000e-01 1.040000e+00 1.027626e+03
7.900000e-01 1.090000e+00 1.298107e+03
7.900000e-01 1.140000e+00 1.518362e+03
7.900000e-01 1.190000e+00 1.705255e+03
7.900000e-01 1.240000e+00 1.867517e+03
8.000000e-01 9.000000e-01 -7.774529e+02
8.000000e-01 9.500000e-01 -1.692060e+02
8.000000e-01 1.000000e+00 2.727351e+02
8.000000e-01 1.050000e+00 6.031873e+02
8.000000e-01 1.100000e+00 8.617657e+02
8.000000e-01 1.150000e+00 1.074310e+03
8.000000e-01 1.200000e+00 1.255776e+03
8.000000e-01 1.250000e+00 1.413692e+03
8.100000e-01 9.100000e-01 -1.096733e+03
8.100000e-01 9.600000e-01 -5.268404e+02
8.100000e-01 1.010000e+00 -1.110944e+02
8.100000e-01 1.060000e+00 2.022881e+02
8.100000e-01 1.110000e+00 4.499881e+02
8.100000e-01 1.160000e+00 6.554092e+02
8.100000e-01 1.210000e+00 8.317379e+02
8.100000e-01 1.260000e+00 9.854385e+02
8.200000e-01 9.200000e-01 -1.399164e+03
8.200000e-01 9.700000e-01 -8.649699e+02
8.200000e-01 1.020000e+00 -4.733458e+02
8.200000e-01 1.070000e+00 -1.755722e+02
8.200000e-01 1.120000e+00 6.217537e+01
8.200000e-01 1.170000e+00 2.609893e+02
8.200000e-01 1.220000e+00 4.324287e+02
8.200000e-01 1.270000e+00 5.820283e+02
8.300000e-01 9.300000e-01 -1.685013e+03
8.300000e-01 9.800000e-01 -1.183968e+03
8.300000e-01 1.030000e+00 -8.145175e+02
8.300000e-01 1.080000e+00 -5.310072e+02
8.300000e-01 1.130000e+00 -3.023789e+02
8.300000e-01 1.180000e+00 -1.097214e+02
8.300000e-01 1.230000e+00 5.703958e+01
8.300000e-01 1.280000e+00 2.026395e+02
8.400000e-01 9.400000e-01 -1.954641e+03
8.400000e-01 9.900000e-01 -1.484308e+03
8.400000e-01 1.040000e+00 -1.135207e+03
8.400000e-01 1.090000e+00 -8.647258e+02
8.400000e-01 1.140000e+00 -6.444712e+02
8.400000e-01 1.190000e+00 -4.575786e+02
8.400000e-01 1.240000e+00 -2.953167e+02
8.400000e-01 1.290000e+00 -1.536244e+02
8.500000e-01 9.500000e-01 -2.208487e+03
8.500000e-01 1.000000e+00 -1.766546e+03
8.500000e-01 1.050000e+00 -1.436094e+03
8.500000e-01 1.100000e+00 -1.177515e+03
8.500000e-01 1.150000e+00 -9.649706e+02
8.500000e-01 1.200000e+00 -7.835050e+02
8.500000e-01 1.250000e+00 -6.255893e+02
8.500000e-01 1.300000e+00 -4.877181e+02
8.600000e-01 9.600000e-01 -2.447053e+03
8.600000e-01 1.010000e+00 -2.031307e+03
8.600000e-01 1.060000e+00 -1.717924e+03
8.600000e-01 1.110000e+00 -1.470224e+03
8.600000e-01 1.160000e+00 -1.264803e+03
8.600000e-01 1.210000e+00 -1.088475e+03
8.600000e-01 1.260000e+00 -9.347740e+02
8.600000e-01 1.310000e+00 -8.006395e+02
8.700000e-01 9.700000e-01 -2.670897e+03
8.700000e-01 1.020000e+00 -2.279272e+03
8.700000e-01 1.070000e+00 -1.981499e+03
8.700000e-01 1.120000e+00 -1.743751e+03
8.700000e-01 1.170000e+00 -1.544937e+03
8.700000e-01 1.220000e+00 -1.373498e+03
8.700000e-01 1.270000e+00 -1.223898e+03
8.700000e-01 1.320000e+00 -1.093416e+03
8.800000e-01 9.800000e-01 -2.880616e+03
8.800000e-01 1.030000e+00 -2.511165e+03
8.800000e-01 1.080000e+00 -2.227655e+03
8.800000e-01 1.130000e+00 -1.999027e+03
8.800000e-01 1.180000e+00 -1.806369e+03
8.800000e-01 1.230000e+00 -1.639608e+03
8.800000e-01 1.280000e+00 -1.494009e+03
8.800000e-01 1.330000e+00 -1.367091e+03
8.900000e-01 9.900000e-01 -3.076842e+03
8.900000e-01 1.040000e+00 -2.727741e+03
8.900000e-01 1.090000e+00 -2.457260e+03
8.900000e-01 1.140000e+00 -2.237005e+03
8.900000e-01 1.190000e+00 -2.050112e+03
8.900000e-01 1.240000e+00 -1.887850e+03
8.900000e-01 1.290000e+00 -1.746158e+03
8.900000e-01 1.340000e+00 -1.622712e+03
9.000000e-01 1.000000e+00 -3.260225e+03
9.000000e-01 1.050000e+00 -2.929773e+03
9.000000e-01 1.100000e+00 -2.671194e+03
9.000000e-01 1.150000e+00 -2.458650e+03
9.000000e-01 1.200000e+00 -2.277184e+03
9.000000e-01 1.250000e+00 -2.119268e+03
9.000000e-01 1.300000e+00 -1.981397e+03
9.000000e-01 1.350000e+00 -1.861325e+03
9.100000e-01 1.010000e+00 -3.431431e+03
9.100000e-01 1.060000e+00 -3.118048e+03
9.100000e-01 1.110000e+00 -2.870348e+03
9.100000e-01 1.160000e+00 -2.664927e+03
9.100000e-01 1.210000e+00 -2.488599e+03
9.100000e-01 1.260000e+00 -2.334898e+03
9.100000e-01 1.310000e+00 -2.200763e+03
9.100000e-01 1.360000e+00 -2.083958e+03
9.200000e-01 1.020000e+00 -3.591131e+03
9.200000e-01 1.070000e+00 -3.293357e+03
9.200000e-01 1.120000e+00 -3.055610e+03
9.200000e-01 1.170000e+00 -2.856796e+03
9.200000e-01 1.220000e+00 -2.685356e+03
9.200000e-01 1.270000e+00 -2.535757e+03
9.200000e-01 1.320000e+00 -2.405274e+03
9.200000e-01 1.370000e+00 -2.291621e+03
9.300000e-01 1.030000e+00 -3.739995e+03
9.300000e-01 1.080000e+00 -3.456485e+03
9.300000e-01 1.130000e+00 -3.227856e+03
9.300000e-01 1.180000e+00 -3.035199e+03
9.300000e-01 1.230000e+00 -2.868438e+03
9.300000e-01 1.280000e+00 -2.722838e+03
9.300000e-01 1.330000e+00 -2.595920e+03
9.300000e-01 1.380000e+00 -2.485294e+03
9.400000e-01 1.040000e+00 -3.878688e+03
9.400000e-01 1.090000e+00 -3.608207e+03
9.400000e-01 1.140000e+00 -3.387952e+03
9.400000e-01 1.190000e+00 -3.201060e+03
9.400000e-01 1.240000e+00 -3.038798e+03
9.400000e-01 1.290000e+00 -2.897105e+03
9.400000e-01 1.340000e+00 -2.773660e+03
9.400000e-01 1.390000e+00 -2.665927e+03
9.500000e-01 1.050000e+00 -4.007862e+03
9.500000e-01 1.100000e+00 -3.749284e+03
9.500000e-01 1.150000e+00 -3.536739e+03
9.500000e-01 1.200000e+00 -3.355274e+03
9.500000e-01 1.250000e+00 -3.197358e+03
9.500000e-01 1.300000e+00 -3.059487e+03
9.500000e-01 1.350000e+00 -2.939414e+03
9.500000e-01 1.400000e+00 -2.834432e+03
9.600000e-01 1.060000e+00 -4.128157e+03
9.600000e-01 1.110000e+00 -3.880457e+03
9.600000e-01 1.160000e+00 -3.675036e+03
9.600000e-01 1.210000e+00 -3.498707e+03
9.600000e-01 1.260000e+00 -3.345006e+03
9.600000e-01 1.310000e+00 -3.210872e+03
9.600000e-01 1.360000e+00 -3.094066e+03
9.600000e-01 1.410000e+00 -2.991681e+03
9.700000e-01 1.070000e+00 -4.240191e+03
9.700000e-01 1.120000e+00 -4.002443e+03
9.700000e-01 1.170000e+00 -3.803630e+03
9.700000e-01 1.220000e+00 -3.632190e+03
9.700000e-01 1.270000e+00 -3.482590e+03
9.700000e-01 1.320000e+00 -3.352108e+03
9.700000e-01 1.370000e+00 -3.238454e+03
9.700000e-01 1.420000e+00 -3.138504e+03
9.800000e-01 1.080000e+00 -4.344564e+03
9.800000e-01 1.130000e+00 -4.115936e+03
9.800000e-01 1.180000e+00 -3.923278e+03
9.800000e-01 1.230000e+00 -3.756517e+03
9.800000e-01 1.280000e+00 -3.610917e+03
9.800000e-01 1.330000e+00 -3.483999e+03
9.800000e-01 1.380000e+00 -3.373373e+03
9.800000e-01 1.430000e+00 -3.275689e+03
9.900000e-01 1.090000e+00 -4.441851e+03
9.900000e-01 1.140000e+00 -4.221597e+03
9.900000e-01 1.190000e+00 -4.034704e+03
9.900000e-01 1.240000e+00 -3.872442e+03
9.900000e-01 1.290000e+00 -3.730750e+03
9.900000e-01 1.340000e+00 -3.607304e+03
9.900000e-01 1.390000e+00 -3.499571e+03
9.900000e-01 1.440000e+00 -3.403976e+03
