     0.7709543      0.0410547      0.2763670     10.0473746      7.1517654      1.7751465      3.6791002     -6.7695160      0.9899278      0.0221491      0.0949459      0.0684347      0.5721097      0.0513202      0.4419713      0.0072430      0.0086013      0.0363845      1.0300000      0.0070000      0.1392700      0.0004500     17.1834000      0.1059100   4696.0000000     18.0000000      0.7949000      0.0062000      0.2768570      0.0024720     -0.2700000   -999.0000000      2.0000000
     0.8026683     -0.1253916      0.2586918      9.9137530     10.3563884      1.8338196      3.7097628     -6.9405867      0.7073745      0.0307660      0.0818503      0.1223301      0.3099666      0.0745273      0.7020883      0.0044623      0.0122489      0.0147388      0.7130000      0.0060000      0.0966000      0.0004000     11.5675000      0.2313500   5113.0000000     33.0000000      0.7935000      0.0072000      0.3873880      0.0083860      0.0800000   -999.0000000      3.0000000
     0.7941035     -0.1537484      0.2768129      9.5678554      3.2166161      1.9201601      3.7052053     -5.9919398      2.1454153      0.0335833      0.1276729      0.1152070      0.4503061      0.0028673      0.6564154      0.0038933      0.0092823      0.0362322      2.1480000      0.0290000      0.3109400      0.0001600    102.3041000      1.1903300   5080.0000000     37.0000000      0.7350000      0.0050000      0.3306750      0.0038620     -0.1600000   -999.0000000      2.0000000
     0.4141312     -0.1314607      0.2430902      9.4485835      3.5869834      1.9807855      3.5558602     -7.2467179      1.0076028      0.0068636      0.0710764      0.2667644      0.5473650      0.0153135      0.8520484      0.0011579      0.0040019      0.0051097      1.0050000      0.0050000      0.2787600      0.0007700      5.6687900      0.0454000   3603.0000000     12.0000000      0.3863000      0.0021000      0.0227980      0.0002220     -0.3000000   -999.0000000      7.0000000
     0.7961877     -0.1514241      0.2712760      9.9691136      4.9840709      1.8987413      3.7114382     -6.2821516      1.4953307      0.0412130      0.1032912      0.0672496      0.3204452      0.0106382      0.4807918      0.0037758      0.0180721      0.0305016      1.5040000      0.0060000      0.2006200      0.0002300     52.8799000      0.6227400   5148.0000000     18.0000000      0.8051000      0.0035000      0.4105850      0.0049260     -0.4400000   -999.0000000      2.0000000
     0.7055978      0.3269176      0.2877672      9.5092075     11.3295224      1.9003255      3.6227695     -7.5176270      0.5414949      0.0141622      0.0925066      0.2459191      0.5129288      0.1763730      0.8093308      0.0029972      0.0054619      0.0079583      0.5860000      0.0220000      0.0877800      0.0009700      3.0277100      0.0316900   4034.0000000     76.0000000      0.7176000      0.0280000      0.1227960      0.0030030      0.3900000      0.0800000      7.0000000
     0.4944182      0.1185468      0.2839643      9.4112230      9.3286520      1.8163840      3.5604812     -7.9013938      0.4638883      0.0167826      0.1112321      0.2984948      0.5554411      0.3547165      0.8821612      0.0050277      0.0050208      0.0106861      0.4540000      0.0190000      0.1078300      0.0028500      1.2537100      0.0111900   3676.0000000     77.0000000      0.4525000      0.0221000      0.0336960      0.0018060      0.1400000      0.0800000      7.0000000
     0.7697824      0.0030330      0.2547745     10.0245701      8.6751638      2.1042136      3.6835671     -6.9214361      0.8150259      0.0254901      0.0561518      0.1025088      0.3584290      0.0611989      0.4947773      0.0045530      0.0084039      0.0195627      0.8290000      0.0070000      0.1148400      0.0005000     12.0460000      0.1425900   4790.0000000     25.0000000      0.7759000      0.0073000      0.2854420      0.0041950      0.1400000   -999.0000000      2.0000000
     0.6086544      0.3162581      0.2840709      9.4316818      5.6504793      1.8928239      3.5829855     -7.1966397      0.9419739      0.0122474      0.0809366      0.2132546      0.5050550      0.0538487      0.8445543      0.0013219      0.0037533      0.0051217      0.9430000      0.0040000      0.1767700      0.0011800      6.3402100      0.0537100   3825.0000000     11.0000000      0.5735000      0.0044000      0.0634090      0.0010030      0.4900000   -999.0000000      7.0000000
     0.6309600      0.2174985      0.2703947      9.6437720     11.1887668      1.9498246      3.5987821     -7.6895943      0.4969245      0.0177425      0.1541268      0.2373380      0.5003457      0.1840455      0.8921839      0.0044559      0.0051761      0.0110275      0.5190000      0.0150000      0.0889700      0.0010200      2.0395100      0.0198000   3883.0000000     57.0000000      0.6266000      0.0193000      0.0805190      0.0020050      0.0500000   -999.0000000      7.0000000
     0.7876760     -0.1489973      0.2537727     10.0731860     16.5222144      1.7338921      3.7106502     -7.3164819      0.4564039      0.0375722      0.0908623      0.1074062      0.3674763      0.3140055      0.5226278      0.0050387      0.0199985      0.0116465      0.4650000      0.0040000      0.0596400      0.0005600      4.8194000      0.1445800   5087.0000000     44.0000000      0.8387000      0.0109000      0.4234280      0.0149860     -0.8300000   -999.0000000      2.0000000
     0.8430021     -0.1382696      0.2627141      9.9084353     12.4856041      1.8450841      3.7296687     -6.9363873      0.6332112      0.0616690      0.0464730      0.0798190      0.5227370      0.1132669      0.6114103      0.0099268      0.0452584      0.0300313      0.6740000      0.0140000      0.0800400      0.0003500     11.9156000      0.2383100   5298.0000000     61.0000000      0.9058000      0.0190000      0.5812500      0.0126880     -0.1100000      0.0300000      2.0000000
     0.6105816      0.1225337      0.2703466      9.4638462      6.1728418      1.7534612      3.5965321     -7.2150823      0.8656740      0.0218276      0.1529224      0.2560119      0.5069377      0.1300944      0.8819907      0.0042817      0.0049150      0.0176053      0.8710000      0.0150000      0.1621300      0.0023700      6.0882300      0.0590400   3940.0000000     35.0000000      0.5773000      0.0131000      0.0723810      0.0022290     -0.0400000   -999.0000000      7.0000000
     0.5973405      0.0609083      0.2669566      9.5152081      6.1590209      1.8896005      3.5964218     -7.2279873      0.8549738      0.0237811      0.1544740      0.2671876      0.5848253      0.1268555      0.8937267      0.0042717      0.0061294      0.0160587      0.8560000      0.0160000      0.1621300      0.0023700      5.9220000      0.0714100   3947.0000000     39.0000000      0.5673000      0.0137000      0.0704050      0.0022270     -0.0400000   -999.0000000      7.0000000
     0.7529303     -0.3448280      0.2744676      9.3833344      7.4581629      1.9438753      3.7037796     -6.7818976      0.8705355      0.0198898      0.0664809      0.1885296      0.3533029      0.0446814      0.7121872      0.0021325      0.0062012      0.0054399      0.8680000      0.0040000      0.1341400      0.0005100     16.5153000      0.1930700   5065.0000000     19.0000000      0.6954000      0.0041000      0.2868340      0.0040000     -0.4200000   -999.0000000      2.0000000
     0.6889924      0.2424770      0.2655296      9.3665402      4.8727136      1.9135592      3.6193242     -6.8241343      1.2228735      0.0168132      0.0980633      0.2144046      0.4737624      0.0180397      0.8829708      0.0016210      0.0040336      0.0096409      1.2250000      0.0080000      0.2052100      0.0005400     14.9496600      0.1221900   4159.0000000     16.0000000      0.6398000      0.0046000      0.1109420      0.0010780      0.2400000   -999.0000000      7.0000000
     0.4115985      0.4816760      0.3183065      9.9035206      4.4600988      2.0626272      3.5285555     -7.5134977      0.8398316      0.0083144      0.0179232      0.1431850      0.2853846      0.0871363      0.7612065      0.0012067      0.0070015      0.0053919      0.8740000      0.0050000      0.2046000      0.0028000      2.9402500      0.0353900   3279.0000000     14.0000000      0.4593000      0.0068000      0.0219500      0.0006560      0.1500000      0.0800000      7.0000000
     0.4068121      0.2882537      0.2768046      9.6248796      6.6543894      1.8881390      3.5352238     -7.8612359      0.5468354      0.0104805      0.1273035      0.4251023      0.5376186      0.1006971      0.9226881      0.0043010      0.0071212      0.0111661      0.5670000      0.0150000      0.1501000      0.0017000      1.3742000      0.0163700   3366.0000000     46.0000000      0.4060000      0.0117000      0.0190610      0.0004880     -0.1900000   -999.0000000      4.0000000
     0.4145960     -0.0036354      0.2711018      9.5859708      2.5466979      1.8854838      3.5502520     -6.9647855      1.4295689      0.0086706      0.0684014      0.2945169      0.5363455      0.0061580      0.9420636      0.0024145      0.0047105      0.0163271      1.4320000      0.0130000      0.3926400      0.0006700     10.8213000      0.0956700   3548.0000000     18.0000000      0.3924000      0.0033000      0.0219360      0.0002080     -0.3800000   -999.0000000      7.0000000
     0.4175316     -0.0535031      0.2843983      9.5198593      4.8447856      1.8237739      3.5533637     -7.5105803      0.7526749      0.0111390      0.1399951      0.3302159      0.5534772      0.0323995      0.9375819      0.0039561      0.0076874      0.0149839      0.7640000      0.0170000      0.2062700      0.0010000      3.0865900      0.0422600   3550.0000000     41.0000000      0.3982000      0.0091000      0.0226710      0.0003800     -0.3700000   -999.0000000      7.0000000
     0.4612907      0.2596825      0.2768031      9.5481296     10.0679930      1.7344254      3.5464056     -8.0813939      0.4031264      0.0171441      0.1549427      0.4166451      0.5546961      0.3241943      0.9204866      0.0052812      0.0063980      0.0099891      0.4170000      0.0130000      0.0986100      0.0023300      0.8276600      0.0093200   3458.0000000     55.0000000      0.4546000      0.0182000      0.0265990      0.0012920      0.0100000   -999.0000000      7.0000000
     0.7114086     -0.3857705      0.2710488      9.3611688      9.0857336      1.7853973      3.6884315     -7.0569989      0.6813334      0.0144659      0.0686273      0.1178468      0.3528916      0.0540923      0.7286004      0.0027699      0.0036400      0.0077877      0.6790000      0.0070000      0.1099900      0.0004100      8.7658000      0.0600000   4888.0000000     27.0000000      0.6784200      0.0054800      0.2264370      0.0022920     -1.2600000   -999.0000000      3.0000000
     0.7821843     -0.1088736      0.2547907      9.6547747     11.0512156      1.8984125      3.6956761     -7.1095898      0.6197997      0.0327725      0.1032946      0.1792782      0.4343270      0.1494440      0.8071968      0.0031937      0.0077858      0.0079827      0.6220000      0.0060000      0.0903200      0.0007400      7.7674000      0.1142000   4955.0000000     30.0000000      0.7405000      0.0094000      0.2975560      0.0065510     -0.2400000   -999.0000000      2.0000000
     0.5082639     -0.0155245      0.2683863      9.5739876      7.6537667      1.8894619      3.5722119     -7.6554211      0.5829790      0.0124018      0.1182805      0.3117907      0.5287444      0.0893284      0.8785533      0.0037347      0.0046535      0.0103565      0.5930000      0.0160000      0.1306200      0.0010500      2.2061400      0.0182200   3705.0000000     51.0000000      0.4882000      0.0315000      0.0404090      0.0007300     -0.0900000      0.0800000      7.0000000
     0.5091488      0.1524648      0.2845191      9.5570650      5.3940456      1.9261579      3.5617941     -7.3950251      0.8261037      0.0129259      0.1029547      0.2834791      0.5625979      0.0456860      0.8981840      0.0037570      0.0077020      0.0143465      0.8350000      0.0140000      0.1854900      0.0011000      4.0127200      0.0525100   3626.0000000     33.0000000      0.4840000      0.0084000      0.0364470      0.0006440     -0.3100000   -999.0000000      7.0000000
     0.8455926     -0.1570638      0.2695810      9.5284505      7.5367901      1.7899753      3.7245473     -6.5952315      0.9758829      0.0506372      0.1260039      0.0714560      0.5325558      0.1096626      0.4943892      0.0059668      0.0180230      0.0212073      0.9730000      0.0090000      0.1323800      0.0008200     25.8044000      0.3077000   5349.0000000     29.0000000      0.7910000      0.0080000      0.4601620      0.0079120     -0.9200000   -999.0000000      2.0000000
     0.1214104     -0.0462063      0.2719832      9.4533126      1.2962514      1.9989405      3.4794801     -7.5128288      1.0544523      0.0020319      0.2101141      0.3142788      0.5481167      0.0065172      0.9013304      0.0062545      0.0129440      0.0297542      1.0110000      0.0520000      0.7716400      0.0026000      3.0602000      0.0612000   3079.0000000     81.0000000      0.1410000      0.0070000      0.0016060      0.0000340      0.0000000   -999.0000000      5.0000000
     0.8018074     -0.1442698      0.2914948     10.0786915      1.3360185      1.8472968      3.7176992     -5.0604976      5.9155626      0.0322137      0.0753768      0.0671124      0.1609833      0.0042938      0.4501597      0.0062837      0.0296980      0.1693494      6.0000000      0.0210000      0.7471000      0.0012000    865.4461100     17.3089000   5184.0000000     27.0000000      0.8671500      0.0028700      0.4845560      0.0098150      0.2100000   -999.0000000      3.0000000
     0.8805205     -0.1540644      0.2594224      9.6976071      6.7020997      1.5912398      3.7394540     -6.3547726      1.1802104      0.0768389      0.1076155      0.0991620      0.4933161      0.0600955      0.5219084      0.0123508      0.0619073      0.0546191      1.1960000      0.0140000      0.1489800      0.0004800     45.3513900      0.2972900   5555.0000000     34.0000000      0.8627000      0.0107000      0.6385520      0.0058700     -0.1600000   -999.0000000      2.0000000
     0.7548392      0.0262385      0.2600597      9.7102840      5.8759380      1.7811044      3.6698509     -6.6984848      1.1200407      0.0235050      0.1461599      0.1504252      0.4296652      0.0489081      0.7344661      0.0053019      0.0036102      0.0285020      1.1770000      0.0300000      0.1698500      0.0008200     20.0192000      0.1329000   4564.0000000     59.0000000      0.7390000      0.0190000      0.2168590      0.0025410     -0.0600000   -999.0000000      3.0000000
     0.3106938     -0.0843233      0.2962953      9.4018948      6.2449067      1.8295860      3.5378918     -8.0170212      0.4506784      0.0107990      0.1542166      0.2718059      0.5295216      0.0817595      0.9237714      0.0042771      0.0045396      0.0089994      0.4460000      0.0140000      0.1601200      0.0013300      0.9608500      0.0076700   3471.0000000     55.0000000      0.2990000      0.0100000      0.0117120      0.0002160     -0.1500000   -999.0000000      7.0000000
     0.8981088     -0.1502678      0.2697077      9.5052952     17.5356249      1.6551037      3.7421329     -7.1859586      0.4488181      0.0794723      0.1068349      0.0843803      0.5392646      0.2147974      0.5838211      0.0128038      0.0670534      0.0183601      0.4590000      0.0170000      0.0569100      0.0003400      6.7864900      0.1357300   5577.0000000    107.0000000      0.8668000      0.0324000      0.6548310      0.0152560      0.3300000   -999.0000000      2.0000000
     0.3379768     -0.2041404      0.2757381      9.6197922      6.5135415      1.8783606      3.5440286     -7.9626478      0.4656726      0.0071618      0.1024498      0.3647779      0.5704874      0.0634306      0.8475982      0.0028218      0.0057284      0.0058688      0.4750000      0.0130000      0.1534600      0.0009900      1.0874100      0.0120100   3469.0000000     48.0000000      0.3328000      0.0093000      0.0144300      0.0002450     -0.3500000      0.0800000      7.0000000
     0.8359666     -0.1618992      0.2734095      9.4935228      9.7651931      1.8733887      3.7229339     -6.8315907      0.7475233      0.0492949      0.1382040      0.0793824      0.5001916      0.0933919      0.4712002      0.0070462      0.0361915      0.0209096      0.7240000      0.0110000      0.1025500      0.0004000     14.8801000      0.0900000   5404.0000000     42.0000000      0.7591000      0.0122000      0.4421770      0.0043650      0.0400000   -999.0000000      3.0000000
     0.5342172      0.1870419      0.2528206      9.6001992     10.2356431      1.8371936      3.5668205     -7.8860774      0.4589801      0.0143334      0.1024722      0.3312231      0.5767465      0.2087112      0.9394715      0.0035624      0.0056619      0.0085026      0.4840000      0.0120000      0.0966700      0.0013900      1.2984000      0.0128600   3592.0000000     45.0000000      0.5387000      0.0157000      0.0434200      0.0013210      0.0300000      0.0800000      7.0000000
     0.6775522      0.1719486      0.2689369      9.5437184      7.6980043      1.9137124      3.6201000     -7.2261283      0.7676522      0.0190348      0.0976226      0.1869989      0.4514978      0.0654921      0.8949612      0.0023274      0.0034835      0.0078499      0.7680000      0.0070000      0.1298600      0.0007300      5.9265400      0.0446000   4168.0000000     21.0000000      0.6359000      0.0071000      0.1098280      0.0014860      0.1900000   -999.0000000      7.0000000
     0.8235305     -0.1564286      0.2639306      9.6838726     12.7850236      1.9636117      3.7188710     -7.0856248      0.5711902      0.0422493      0.1015637      0.0858902      0.5096951      0.1013483      0.5690381      0.0061371      0.0123239      0.0146632      0.5730000      0.0100000      0.0781100      0.0003000      8.2539000      0.1000000   5242.0000000     48.0000000      0.7891000      0.0144000      0.4227730      0.0060650     -0.5200000   -999.0000000      2.0000000
     0.4341026      0.3386829      0.3108912      9.4404881      4.5243842      1.9836497      3.5373607     -7.4721797      0.8462873      0.0081950      0.0942525      0.3484353      0.5643269      0.0279678      0.9391077      0.0029580      0.0049387      0.0120560      0.8590000      0.0140000      0.2208400      0.0009400      3.3631300      0.0283100   3421.0000000     29.0000000      0.4183000      0.0070000      0.0215500      0.0002580      0.0500000   -999.0000000      7.0000000
     0.8115440     -0.1400909      0.2680957      9.9132979      7.5031882      1.9139046      3.7157155     -6.6189952      0.9951259      0.0374321      0.0834933      0.0711471      0.3073923      0.0554558      0.4554039      0.0031493      0.0137658      0.0179744      1.0000000      0.0040000      0.1327600      0.0005000     24.2500000      0.2825400   5195.0000000     18.0000000      0.8101000      0.0045000      0.4299700      0.0059650     -0.1400000   -999.0000000      2.0000000
     0.1658437     -0.1432017      0.2710154      9.5201835      1.8226479      1.8551416      3.5074672     -7.4868265      0.9537849      0.0015963      0.0755683      0.2567659      0.5553129      0.0075300      0.9273165      0.0013311      0.0075435      0.0065311      0.9520000      0.0050000      0.5483100      0.0015100      3.2629200      0.0565900   3225.0000000     16.0000000      0.1869000      0.0012000      0.0033920      0.0000620     -0.4000000   -999.0000000      7.0000000
     0.8461320     -0.1460984      0.2741380      9.8069820      5.0982319      1.8825121      3.7284202     -6.2013585      1.5103370      0.0363598      0.0415802      0.0771314      0.2748268      0.0408318      0.4437398      0.0082218      0.0330552      0.0138966      1.5150000      0.0050000      0.1959600      0.0008700     64.3329600      1.8793900   5386.0000000     40.0000000      0.8310000      0.0044000      0.5235520      0.0159860     -0.0100000   -999.0000000      2.0000000
     0.7182723      0.0539301      0.2702229      9.4444991      5.1054264      1.8764380      3.6479495     -6.7110995      1.2208799      0.0313549      0.1325029      0.2745820      0.5481760      0.0311860      0.9357925      0.0035082      0.0102526      0.0164517      1.2210000      0.0150000      0.1959600      0.0008700     19.4020000      0.4120000   4446.0000000     36.0000000      0.6697000      0.0089000      0.1578970      0.0036340     -0.1200000   -999.0000000      2.0000000
     0.7892368     -0.1186596      0.2691325      9.7936363     11.0242742      1.8337873      3.7046198     -7.0344247      0.6483405      0.0342501      0.0971422      0.1045125      0.4555383      0.0846060      0.4701024      0.0047990      0.0084583      0.0166437      0.6660000      0.0060000      0.0907100      0.0003000      9.2785000      0.0594400   5006.0000000     24.0000000      0.7897000      0.0077000      0.3523940      0.0032450     -0.3300000   -999.0000000      2.0000000
     0.8500823     -0.1477820      0.2569469      9.6978116      3.6494484      1.9728809      3.7274216     -5.9266526      2.0703271      0.0550862      0.0845607      0.0663740      0.4258342      0.0045455      0.5397256      0.0076134      0.0280095      0.0623556      2.0780000      0.0310000      0.2739600      0.0001700    119.8023000      1.3945000   5373.0000000     43.0000000      0.8153900      0.0121700      0.4988300      0.0058390     -0.6000000   -999.0000000      2.0000000
     0.3658156      0.2103922      0.2611728      9.5534229      3.5288608      1.8428593      3.5322709     -7.4071757      0.9332490      0.0068009      0.0575320      0.3170313      0.5369098      0.0304547      0.8924924      0.0021059      0.0058773      0.0095229      0.9370000      0.0080000      0.2830000      0.0016900      3.8975100      0.0449000   3398.0000000     17.0000000      0.3561000      0.0039000      0.0152080      0.0002520     -0.2300000   -999.0000000      7.0000000
     0.2827314      0.4641062      0.2648272      9.7550086      3.5180744      1.7627043      3.5116363     -7.6404924      0.7834197      0.0088327      0.0420194      0.2211983      0.5271339      0.0291701      0.9177497      0.0016531      0.0103173      0.0095501      0.8510000      0.0150000      0.2830000      0.0016900      2.2445300      0.0375400   3106.0000000     30.0000000      0.3232000      0.0061000      0.0087580      0.0001800     -0.3000000   -999.0000000      7.0000000
     0.4954642      0.2201732      0.2545560      9.5810751      5.8600761      1.8875933      3.5548111     -7.5194647      0.7396492      0.0095953      0.0664575      0.2970648      0.5216370      0.0480450      0.9238140      0.0020167      0.0039396      0.0068932      0.7470000      0.0080000      0.1703600      0.0010000      3.0174400      0.0229600   3570.0000000     20.0000000      0.4713000      0.0060000      0.0324910      0.0004550      0.1000000      0.0800000      7.0000000
     0.8468729     -0.1527407      0.2572386      9.7512425     10.0654306      1.7818858      3.7291944     -6.7892559      0.7584163      0.0571957      0.0933829      0.0651797      0.4839839      0.1175611      0.6130805      0.0086921      0.0255007      0.0274249      0.7630000      0.0210000      0.0993300      0.0005300     16.4083000      0.1966000   5394.0000000     76.0000000      0.8190000      0.0240000      0.5197140      0.0083390     -0.0400000   -999.0000000      2.0000000
     0.8129181     -0.1773325      0.2605539      9.7795611      5.7517162      1.8998763      3.7183100     -6.4035062      1.2573221      0.0494662      0.1326140      0.0902252      0.4764328      0.0114473      0.5120506      0.0042193      0.0111747      0.0234227      1.2540000      0.0120000      0.1737700      0.0001800     39.8109000      0.4271600   5251.0000000     29.0000000      0.7780000      0.0080000      0.4120160      0.0045020     -0.3100000   -999.0000000      2.0000000
     0.5738406      0.2750840      0.2531137      9.5629740      7.0474632      1.8151204      3.5730346     -7.4741906      0.7159231      0.0126960      0.0900009      0.2440959      0.5155768      0.0478943      0.8917842      0.0024548      0.0055911      0.0080514      0.7220000      0.0080000      0.1418700      0.0006400      3.3480900      0.0360300   3727.0000000     23.0000000      0.5472000      0.0067000      0.0519850      0.0007300     -0.0600000   -999.0000000      7.0000000
     0.7148581      0.2065075      0.2668600      9.5248453      3.4970446      1.9076680      3.6331258     -6.4488516      1.7680340      0.0214069      0.1066357      0.2551932      0.5041115      0.0100144      0.9173694      0.0021224      0.0058553      0.0175084      1.7750000      0.0130000      0.2860400      0.0005600     35.4910000      0.4440000   4289.0000000     21.0000000      0.6611000      0.0048000      0.1355580      0.0017770     -0.1900000   -999.0000000      7.0000000
     0.6280345      0.0723020      0.2754234      9.5004165      3.4958172      1.8810594      3.6072671     -6.6521842      1.5763530      0.0202657      0.1202773      0.2142861      0.5350590      0.0101865      0.8895315      0.0032777      0.0042966      0.0247016      1.5810000      0.0220000      0.2860400      0.0005600     22.2523800      0.1923500   4044.0000000     29.0000000      0.6010000      0.0072000      0.0849930      0.0008070     -0.2200000   -999.0000000      7.0000000
     0.7631219      0.1739720      0.2779235      9.8717272      3.6216260      1.7904225      3.6614102     -6.2898767      1.8646964      0.0216035      0.0847949      0.1537359      0.2933576      0.0058093      0.9101202      0.0031650      0.0111638      0.0271844      1.8810000      0.0170000      0.2760600      0.0002800     51.4025000      1.0280000   4570.0000000     31.0000000      0.7320000      0.0060000      0.2107840      0.0042370     -0.0700000   -999.0000000      3.0000000
     0.5843641      0.2362620      0.2845016      9.5981040     10.1156413      1.8690702      3.5792533     -7.7461729      0.5091808      0.0139801      0.0965927      0.2559659      0.4962607      0.2059764      0.9129844      0.0035728      0.0043621      0.0086597      0.5320000      0.0140000      0.0976100      0.0015300      1.7910800      0.0148100   3713.0000000     49.0000000      0.5863000      0.0179000      0.0587470      0.0019050      0.1700000      0.0800000      7.0000000
     0.3425967      0.4734461      0.2711462      9.8593007      4.6260877      1.9520702      3.5194931     -7.7138779      0.6947116      0.0086196      0.0301580      0.2256902      0.3870273      0.0683774      0.7813899      0.0011610      0.0047560      0.0050743      0.7460000      0.0090000      0.2132800      0.0021200      1.9156600      0.0151700   3189.0000000     20.0000000      0.3761000      0.0059000      0.0131610      0.0002820      0.1700000      0.0800000      7.0000000
     0.5768923      0.3222533      0.2750221      9.6004874      6.8323680      1.7059542      3.5716507     -7.4494843      0.7416359      0.0108800      0.0726380      0.2537231      0.4887797      0.0650331      0.8296039      0.0014889      0.0037994      0.0047312      0.7440000      0.0040000      0.1460900      0.0010000      3.5448500      0.0271500   3724.0000000     12.0000000      0.5477000      0.0048000      0.0519060      0.0008140      0.2100000   -999.0000000      7.0000000
     0.4895118     -0.0777477      0.2634401      9.4327127      3.2760095      1.9154824      3.5701860     -6.9626975      1.3076652      0.0138706      0.1398071      0.3477923      0.5942927      0.0105455      0.9345824      0.0039271      0.0092141      0.0255066      1.3040000      0.0320000      0.3052600      0.0007000     10.8945000      0.1680200   3724.0000000     48.0000000      0.4712000      0.0086000      0.0365370      0.0005880     -0.0600000   -999.0000000      7.0000000
     0.7699420      0.0276677      0.2794553     10.0398126      6.5417491      2.0261093      3.6812110     -6.6825829      1.0825481      0.0215068      0.0776317      0.0604909      0.4666775      0.0247373      0.3990758      0.0057510      0.0074966      0.0320927      1.1060000      0.0070000      0.1527600      0.0002900     20.8979400      0.1220800   4759.0000000     17.0000000      0.7784000      0.0053000      0.2798630      0.0019500     -0.0500000   -999.0000000      2.0000000
     0.4083186      0.3130473      0.2530764      9.7761371      6.1441427      1.8701834      3.5341547     -7.7906196      0.5951655      0.0096261      0.0700382      0.4790489      0.4989625      0.0877036      0.8980241      0.0027538      0.0115167      0.0086482      0.6230000      0.0100000      0.1617600      0.0016600      1.5921600      0.0332500   3332.0000000     32.0000000      0.4139000      0.0076000      0.0190150      0.0005570      0.0300000      0.0800000      7.0000000
     0.1557031      0.4030124      0.2832190      9.5437449      3.1516680      1.9354703      3.4763252     -8.1124209      0.5352461      0.0021810      0.0112951      0.1838371      0.5253194      0.0103577      0.6333065      0.0011351      0.0118608      0.0051278      0.6080000      0.0080000      0.3167000      0.0007000      0.7589300      0.0118200   2802.0000000     21.0000000      0.2070000      0.0029000      0.0023650      0.0000380      0.2300000      0.0800000      7.0000000
     0.7978119     -0.1625322      0.2556817      9.6910405     16.7587100      1.8832267      3.7128461     -7.3708668      0.4242084      0.0417376      0.1466431      0.1050882      0.5651473      0.2876616      0.6877025      0.0072548      0.0164940      0.0142087      0.4330000      0.0140000      0.0594600      0.0005900      4.2998000      0.0860000   5123.0000000     87.0000000      0.7821000      0.0258000      0.3800670      0.0107080     -0.2800000   -999.0000000      2.0000000
