     0.7736517     -0.0423778      0.2522129      9.7130207      7.1794919      1.1999269      3.6720503     -6.7648108      1.0274685      0.0379076      0.2585851      0.2375795      0.4480780      0.0377380      0.3560389      0.0021904      0.0031667      0.0084340      1.0300000      0.0070000      0.1392700      0.0004500     17.1834000      0.1059100   4696.0000000     18.0000000      0.7949000      0.0062000      0.2768570      0.0024720     -0.2700000   -999.0000000      2.0000000
     0.8174337     -0.1003313      0.2708457      9.5929583     10.3493158      1.6712382      3.7088829     -6.9389032      0.7149956      0.0272405      0.1134810      0.4215510      0.4336610      0.0620824      0.2726354      0.0025925      0.0094773      0.0067039      0.7130000      0.0060000      0.0966000      0.0004000     11.5675000      0.2313500   5113.0000000     33.0000000      0.7935000      0.0072000      0.3873880      0.0083860      0.0800000   -999.0000000      3.0000000
     0.7911085     -0.1283437      0.2483486      9.5487345      3.2158865      2.0005251      3.7046506     -5.9908202      2.1622312      0.0333089      0.1656917      0.3451317      0.3678928      0.0022959      0.5067810      0.0029699      0.0061221      0.0341978      2.1480000      0.0290000      0.3109400      0.0001600    102.3041000      1.1903300   5080.0000000     37.0000000      0.7350000      0.0050000      0.3306750      0.0038620     -0.1600000   -999.0000000      2.0000000
     0.4127601     -0.1824667      0.0883042      9.3707469      3.5874814      1.9951187      3.5562180     -7.2465941      1.0056733      0.0065821      0.0816501      7.8675910      0.5493785      0.0148351      0.8083183      0.0012062      0.0038892      0.0052224      1.0050000      0.0050000      0.2787600      0.0007700      5.6687900      0.0454000   3603.0000000     12.0000000      0.3863000      0.0021000      0.0227980      0.0002220     -0.3000000   -999.0000000      7.0000000
     0.8145554     -0.1482072      0.2643347      9.6367304      4.9841952      1.6636544      3.7114287     -6.2805921      1.5052956      0.0420993      0.1479987      0.2757528      0.4813182      0.0087767      0.3928142      0.0018256      0.0062074      0.0068649      1.5040000      0.0060000      0.2006200      0.0002300     52.8799000      0.6227400   5148.0000000     18.0000000      0.8051000      0.0035000      0.4105850      0.0049260     -0.4400000   -999.0000000      2.0000000
     0.7073979      0.3391476      0.4642426      9.5100563     11.3531923      1.4294610      3.6147967     -7.5182563      0.5624769      0.0178820      0.1117918      2.1575973      0.5530633      0.1774445      0.6964431      0.0068750      0.0052185      0.0183044      0.5860000      0.0220000      0.0877800      0.0009700      3.0277100      0.0316900   4034.0000000     76.0000000      0.7176000      0.0280000      0.1227960      0.0030030      0.3900000      0.0800000      7.0000000
     0.4967260      0.1063660      0.5113422      9.3937574      9.3592311      1.8306955      3.5601914     -7.9017563      0.4645720      0.0161231      0.1091083      5.4775397      0.5698971      0.3311763      0.8663699      0.0050823      0.0047918      0.0111025      0.4540000      0.0190000      0.1078300      0.0028500      1.2537100      0.0111900   3676.0000000     77.0000000      0.4525000      0.0221000      0.0336960      0.0018060      0.1400000      0.0800000      7.0000000
     0.7844376     -0.0059854      0.2410002      9.6356535      8.7034876      1.5032995      3.6806519     -6.9190571      0.8293533      0.0324753      0.1687514      0.3629547      0.5110500      0.0659205      0.4692522      0.0025140      0.0055128      0.0076449      0.8290000      0.0070000      0.1148400      0.0005000     12.0460000      0.1425900   4790.0000000     25.0000000      0.7759000      0.0073000      0.2854420      0.0041950      0.1400000   -999.0000000      2.0000000
     0.6062453      0.3093940      0.0229999      9.4014642      5.6592479      1.9844360      3.5825471     -7.1971026      0.9431058      0.0125583      0.1197465      3.1291144      0.4872563      0.0542549      0.7770843      0.0011568      0.0036137      0.0045020      0.9430000      0.0040000      0.1767700      0.0011800      6.3402100      0.0537100   3825.0000000     11.0000000      0.5735000      0.0044000      0.0634090      0.0010030      0.4900000   -999.0000000      7.0000000
     0.6325635      0.1976890      0.0948610      9.4419596     11.1996168      1.4388599      3.5931301     -7.6902051      0.5096553      0.0210253      0.1993063      1.7678888      0.5737681      0.2000635      0.9488263      0.0058194      0.0048868      0.0141403      0.5190000      0.0150000      0.0889700      0.0010200      2.0395100      0.0198000   3883.0000000     57.0000000      0.6266000      0.0193000      0.0805190      0.0020050      0.0500000   -999.0000000      7.0000000
     0.8042093     -0.2668142      0.1954725      9.6317750     16.7168641      1.2859339      3.6971679     -7.2961392      0.4689805      0.0378399      0.1726518      0.8580493      0.5102683      0.2107275      0.2391963      0.0104444      0.0206313      0.0049903      0.4650000      0.0040000      0.0596400      0.0005600      4.8194000      0.1445800   5087.0000000     44.0000000      0.8387000      0.0109000      0.4234280      0.0149860     -0.8300000   -999.0000000      2.0000000
     0.8757445     -0.0962549      0.1484851      9.6932536     12.4960770      1.5373214      3.7251103     -6.9274346      0.6729425      0.0474632      0.0459028      0.9530218      0.3946141      0.0813373      0.2520470      0.0064877      0.0107146      0.0145916      0.6740000      0.0140000      0.0800400      0.0003500     11.9156000      0.2383100   5298.0000000     61.0000000      0.9058000      0.0190000      0.5812500      0.0126880     -0.1100000      0.0300000      2.0000000
     0.6013551      0.0576865     -0.2215709      9.4647289      6.1597794      1.8071455      3.5954355     -7.2153130      0.8704934      0.0246441      0.1902863      2.8947208      0.5551348      0.1309969      0.9067940      0.0035250      0.0051095      0.0143736      0.8710000      0.0150000      0.1621300      0.0023700      6.0882300      0.0590400   3940.0000000     35.0000000      0.5773000      0.0131000      0.0723810      0.0022290     -0.0400000   -999.0000000      7.0000000
     0.5907324     -0.0075795     -0.0291438      9.4640151      6.1627696      1.7828082      3.5960857     -7.2275420      0.8557745      0.0234591      0.1844799      3.3259102      0.5812397      0.1268215      0.8969098      0.0035245      0.0060069      0.0143070      0.8560000      0.0160000      0.1621300      0.0023700      5.9220000      0.0714100   3947.0000000     39.0000000      0.5673000      0.0137000      0.0704050      0.0022270     -0.0400000   -999.0000000      7.0000000
     0.7554758     -0.3063382      0.5156202      9.3282062      7.4557979      2.2251155      3.7041959     -6.7814958      0.8687523      0.0272588      0.1486835      4.3505500      0.4105375      0.0413876      0.5611365      0.0014751      0.0050339      0.0045150      0.8680000      0.0040000      0.1341400      0.0005100     16.5153000      0.1930700   5065.0000000     19.0000000      0.6954000      0.0041000      0.2868340      0.0040000     -0.4200000   -999.0000000      2.0000000
     0.6773891      0.2049936      0.3216973      9.4945610      4.8736778      1.9831420      3.6191271     -6.8242809      1.2242413      0.0224670      0.1623560      1.4853405      0.5161854      0.0183342      0.6885269      0.0015813      0.0036149      0.0084704      1.2250000      0.0080000      0.2052100      0.0005400     14.9496600      0.1221900   4159.0000000     16.0000000      0.6398000      0.0046000      0.1109420      0.0010780      0.2400000   -999.0000000      7.0000000
     0.4291885      0.4039150      0.3365567      9.9419768      4.6048835      0.6862573      3.5242172     -7.5176504      0.8526946      0.0093281      0.0170838      1.0470713      0.2571828      0.0872980      0.1148595      0.0012197      0.0059081      0.0052843      0.8740000      0.0050000      0.2046000      0.0028000      2.9402500      0.0353900   3279.0000000     14.0000000      0.4593000      0.0068000      0.0219500      0.0006560      0.1500000      0.0800000      7.0000000
     0.4101569      0.2680834      0.2998184      9.5168429      6.6551358      1.4886614      3.5334526     -7.8615426      0.5503078      0.0109920      0.1378460      3.2776665      0.5909720      0.1046549      0.9549349      0.0044476      0.0065386      0.0122235      0.5670000      0.0150000      0.1501000      0.0017000      1.3742000      0.0163700   3366.0000000     46.0000000      0.4060000      0.0117000      0.0190610      0.0004880     -0.1900000   -999.0000000      4.0000000
     0.4134720     -0.0643533      0.0043583      9.4833843      2.5466712      1.6147992      3.5503632     -6.9657826      1.4275360      0.0086236      0.1027333      4.8041789      0.5917015      0.0059574      0.9188853      0.0021529      0.0042343      0.0143384      1.4320000      0.0130000      0.3926400      0.0006700     10.8213000      0.0956700   3548.0000000     18.0000000      0.3924000      0.0033000      0.0219360      0.0002080     -0.3800000   -999.0000000      7.0000000
     0.4170491     -0.0964330      0.4983572      9.4655467      4.8433226      1.6436089      3.5519184     -7.5108235      0.7568877      0.0111799      0.1507282      4.6613984      0.6050467      0.0322334      0.9569806      0.0039709      0.0066236      0.0146610      0.7640000      0.0170000      0.2062700      0.0010000      3.0865900      0.0422600   3550.0000000     41.0000000      0.3982000      0.0091000      0.0226710      0.0003800     -0.3700000   -999.0000000      7.0000000
     0.4602403      0.2484503      0.0159455      9.5270870     10.0573640      1.5492109      3.5316902     -8.0545877      0.4034622      0.0180700      0.1636636      4.2997861      0.5681621      0.3252630      0.9931800      0.0120989      0.0272556      0.0107701      0.4170000      0.0130000      0.0986100      0.0023300      0.8276600      0.0093200   3458.0000000     55.0000000      0.4546000      0.0182000      0.0265990      0.0012920      0.0100000   -999.0000000      7.0000000
     0.7059446     -0.4051097      0.3669390      9.3794122      9.0924328      2.0337646      3.6889727     -7.0570081      0.6791021      0.0160644      0.0730674      1.7878629      0.4357910      0.0488622      0.5330916      0.0023221      0.0032110      0.0073362      0.6790000      0.0070000      0.1099900      0.0004100      8.7658000      0.0600000   4888.0000000     27.0000000      0.6784200      0.0054800      0.2264370      0.0022920     -1.2600000   -999.0000000      3.0000000
     0.7780930     -0.1406823      0.3749511      9.4608717     11.0541422      1.8041309      3.6948376     -7.1094297      0.6238321      0.0311903      0.1788794      0.7801340      0.5152101      0.1318888      0.5485281      0.0025214      0.0070213      0.0069648      0.6220000      0.0060000      0.0903200      0.0007400      7.7674000      0.1142000   4955.0000000     30.0000000      0.7405000      0.0094000      0.2975560      0.0065510     -0.2400000   -999.0000000      2.0000000
     0.5070082     -0.0573412     -0.1512379      9.5073430      7.6502119      1.6234955      3.5706450     -7.6570617      0.5867622      0.0112842      0.1157691      4.2210307      0.5666643      0.0868884      0.9711990      0.0041835      0.0043098      0.0110539      0.5930000      0.0160000      0.1306200      0.0010500      2.2061400      0.0182200   3705.0000000     51.0000000      0.4882000      0.0315000      0.0404090      0.0007300     -0.0900000      0.0800000      7.0000000
     0.5046738      0.0842101      0.2926288      9.5190015      5.3869467      1.4924993      3.5607967     -7.3961998      0.8290113      0.0134890      0.1460849      5.0291304      0.5887375      0.0474792      0.9973196      0.0035038      0.0065166      0.0134628      0.8350000      0.0140000      0.1854900      0.0011000      4.0127200      0.0525100   3626.0000000     33.0000000      0.4840000      0.0084000      0.0364470      0.0006440     -0.3100000   -999.0000000      7.0000000
     0.8369998     -0.1992116      0.2737624      9.4691802      7.5596797      1.9932442      3.7270330     -6.5904879      0.9778724      0.0369066      0.1470913      0.2041214      0.5226125      0.0822677      0.3950273      0.0028375      0.0062613      0.0119566      0.9730000      0.0090000      0.1323800      0.0008200     25.8044000      0.3077000   5349.0000000     29.0000000      0.7910000      0.0080000      0.4601620      0.0079120     -0.9200000   -999.0000000      2.0000000
     0.1172715     -0.1176256      0.5006723      9.4698688      1.2958965      1.7348784      3.4307475     -7.3959606      1.0348450      0.0037235      0.2106839      4.6500943      0.5982561      0.0058910      0.9566437      0.0493006      0.1176291      0.0300698      1.0110000      0.0520000      0.7716400      0.0026000      3.0602000      0.0612000   3079.0000000     81.0000000      0.1410000      0.0070000      0.0016060      0.0000340      0.0000000   -999.0000000      5.0000000
     0.8532494     -0.0753673      0.2549509      9.5994671      1.3379873      1.5611610      3.7150146     -5.0700048      5.9906786      0.0463514      0.1445599      0.2208510      0.4948103      0.0034593      0.3681575      0.0028278      0.0121129      0.0280849      6.0000000      0.0210000      0.7471000      0.0012000    865.4461100     17.3089000   5184.0000000     27.0000000      0.8671500      0.0028700      0.4845560      0.0098150      0.2100000   -999.0000000      3.0000000
     0.8904908     -0.1579604      0.2542749      9.5960120      6.7113139      1.9238164      3.7428008     -6.3496537      1.2058969      0.0335917      0.0865022      0.1503925      0.3101019      0.0347168      0.3895408      0.0037936      0.0048065      0.0213252      1.1960000      0.0140000      0.1489800      0.0004800     45.3513900      0.2972900   5555.0000000     34.0000000      0.8627000      0.0107000      0.6385520      0.0058700     -0.1600000   -999.0000000      2.0000000
     0.7562616      0.0386381      0.3385100      9.5269398      5.8840663      1.5346823      3.6616597     -6.6984761      1.1663543      0.0360002      0.2548782      0.6665275      0.5083033      0.0468144      0.6531047      0.0058158      0.0033328      0.0319210      1.1770000      0.0300000      0.1698500      0.0008200     20.0192000      0.1329000   4564.0000000     59.0000000      0.7390000      0.0190000      0.2168590      0.0025410     -0.0600000   -999.0000000      3.0000000
     0.3095627     -0.1398905      0.3746407      9.4552238      6.2485254      1.8385363      3.5380199     -8.0170090      0.4505502      0.0107796      0.1575441      1.9018457      0.5878013      0.0800623      0.9031729      0.0046820      0.0035670      0.0095530      0.4460000      0.0140000      0.1601200      0.0013300      0.9608500      0.0076700   3471.0000000     55.0000000      0.2990000      0.0100000      0.0117120      0.0002160     -0.1500000   -999.0000000      7.0000000
     0.8903276     -0.1314866      0.2456363      9.6154913     17.5741312      1.9633309      3.7410683     -7.1763560      0.4685220      0.0456563      0.1194318      0.4516349      0.4303885      0.1685200      0.5954652      0.0102836      0.0115037      0.0192729      0.4590000      0.0170000      0.0569100      0.0003400      6.7864900      0.1357300   5577.0000000    107.0000000      0.8668000      0.0324000      0.6548310      0.0152560      0.3300000   -999.0000000      2.0000000
     0.3347768     -0.2586846      0.1284255      9.5153619      6.5142080      1.5995566      3.5271119     -7.9445086      0.4679242      0.0079853      0.0980690      3.8218214      0.5877793      0.0589829      0.9679741      0.0175917      0.0191945      0.0077782      0.4750000      0.0130000      0.1534600      0.0009900      1.0874100      0.0120100   3469.0000000     48.0000000      0.3328000      0.0093000      0.0144300      0.0002450     -0.3500000      0.0800000      7.0000000
     0.8434332     -0.1455423      0.2272154      9.4106308      9.7488266      2.1933327      3.7267438     -6.8288016      0.7413518      0.0280588      0.1175939      0.2441309      0.4354571      0.0618339      0.5527620      0.0044543      0.0033698      0.0172361      0.7240000      0.0110000      0.1025500      0.0004000     14.8801000      0.0900000   5404.0000000     42.0000000      0.7591000      0.0122000      0.4421770      0.0043650      0.0400000   -999.0000000      3.0000000
     0.5352459      0.1419066      0.1535831      9.6043915     10.2674166      1.1644171      3.5623614     -7.8862706      0.4681722      0.0145340      0.0938422      1.9210735      0.5952747      0.2079063      0.8341926      0.0046086      0.0051500      0.0105913      0.4840000      0.0120000      0.0966700      0.0013900      1.2984000      0.0128600   3592.0000000     45.0000000      0.5387000      0.0157000      0.0434200      0.0013210      0.0300000      0.0800000      7.0000000
     0.6736461      0.1656611      0.1132244      9.4169383      7.7026691      1.9813355      3.6197671     -7.2264533      0.7682316      0.0227827      0.1702020      1.8443290      0.5006027      0.0610160      0.7503068      0.0018626      0.0035766      0.0064723      0.7680000      0.0070000      0.1298600      0.0007300      5.9265400      0.0446000   4168.0000000     21.0000000      0.6359000      0.0071000      0.1098280      0.0014860      0.1900000   -999.0000000      7.0000000
     0.8289672     -0.1926702      0.2522866      9.4383276     12.8029619      1.7244823      3.7184686     -7.0843033      0.5775123      0.0293787      0.1533357      0.3716496      0.4769086      0.0743818      0.3663538      0.0043914      0.0066433      0.0119599      0.5730000      0.0100000      0.0781100      0.0003000      8.2539000      0.1000000   5242.0000000     48.0000000      0.7891000      0.0144000      0.4227730      0.0060650     -0.5200000   -999.0000000      2.0000000
     0.4340208      0.3182539     -0.3750871      9.5136018      4.5270822      1.5961460      3.5356422     -7.4728408      0.8521945      0.0082603      0.1233294      6.4538685      0.5790518      0.0241395      0.9721443      0.0032298      0.0043097      0.0128999      0.8590000      0.0140000      0.2208400      0.0009400      3.3631300      0.0283100   3421.0000000     29.0000000      0.4183000      0.0070000      0.0215500      0.0002580      0.0500000   -999.0000000      7.0000000
     0.8182840     -0.1392484      0.2828470      9.7064586      7.5300119      1.7618348      3.7155058     -6.6189526      1.0020433      0.0355087      0.1148328      0.1728754      0.4125472      0.0475568      0.3488776      0.0016885      0.0066128      0.0045705      1.0000000      0.0040000      0.1327600      0.0005000     24.2500000      0.2825400   5195.0000000     18.0000000      0.8101000      0.0045000      0.4299700      0.0059650     -0.1400000   -999.0000000      2.0000000
     0.1633086     -0.1899957      0.2620959      9.4389935      1.8240588      1.8630050      3.4640623     -7.4044046      0.9472397      0.0025549      0.0840572      3.6287027      0.5555159      0.0068679      0.9134062      0.0440726      0.0814899      0.0062566      0.9520000      0.0050000      0.5483100      0.0015100      3.2629200      0.0565900   3225.0000000     16.0000000      0.1869000      0.0012000      0.0033920      0.0000620     -0.4000000   -999.0000000      7.0000000
     0.8506202     -0.1778689      0.2576098      9.6178440      5.1033733      1.8874455      3.7301994     -6.2005362      1.5158871      0.0371576      0.1250405      0.1789847      0.3821515      0.0337234      0.4375364      0.0036091      0.0145436      0.0053484      1.5150000      0.0050000      0.1959600      0.0008700     64.3329600      1.8793900   5386.0000000     40.0000000      0.8310000      0.0044000      0.5235520      0.0159860     -0.0100000   -999.0000000      2.0000000
     0.7040293     -0.0176732      0.3791347      9.4245550      5.1043721      1.8883450      3.6479626     -6.7116825      1.2208446      0.0350760      0.2170946      3.7037953      0.5470045      0.0299180      0.7665036      0.0029072      0.0097740      0.0147977      1.2210000      0.0150000      0.1959600      0.0008700     19.4020000      0.4120000   4446.0000000     36.0000000      0.6697000      0.0089000      0.1578970      0.0036340     -0.1200000   -999.0000000      2.0000000
     0.8067644     -0.0919723      0.2690963      9.5524957     11.0197380      1.5053446      3.6999024     -7.0337633      0.6677361      0.0327008      0.1299102      0.1475413      0.4336043      0.0620306      0.2808702      0.0024818      0.0033176      0.0069333      0.6660000      0.0060000      0.0907100      0.0003000      9.2785000      0.0594400   5006.0000000     24.0000000      0.7897000      0.0077000      0.3523940      0.0032450     -0.3300000   -999.0000000      2.0000000
     0.8474086     -0.2183359      0.2640615      9.4778251      3.6504957      1.7856797      3.7291823     -5.9236569      2.0978845      0.0344580      0.1590871      0.3561918      0.4852592      0.0035334      0.4430898      0.0041412      0.0062645      0.0367606      2.0780000      0.0310000      0.2739600      0.0001700    119.8023000      1.3945000   5373.0000000     43.0000000      0.8153900      0.0121700      0.4988300      0.0058390     -0.6000000   -999.0000000      2.0000000
     0.3655939      0.1772540      0.2606621      9.4963573      3.5315185      1.6129526      3.5315265     -7.4090914      0.9345210      0.0076364      0.0881802      3.4652577      0.5762511      0.0288354      0.9756647      0.0021240      0.0057987      0.0089655      0.9370000      0.0080000      0.2830000      0.0016900      3.8975100      0.0449000   3398.0000000     17.0000000      0.3561000      0.0039000      0.0152080      0.0002520     -0.2300000   -999.0000000      7.0000000
     0.2875173      0.4134410      0.2810040      9.6762079      3.5253731      1.0474291      3.5086838     -7.6423843      0.7936905      0.0103323      0.0609826      1.0677760      0.5655922      0.0277586      0.7055339      0.0021838      0.0094478      0.0093638      0.8510000      0.0150000      0.2830000      0.0016900      2.2445300      0.0375400   3106.0000000     30.0000000      0.3232000      0.0061000      0.0087580      0.0001800     -0.3000000   -999.0000000      7.0000000
     0.4940673      0.1857816      0.0022635      9.5474796      5.8649610      1.5633146      3.5533996     -7.5202682      0.7435279      0.0100194      0.0951155      2.4822688      0.5709838      0.0457435      0.9437677      0.0021893      0.0040263      0.0078232      0.7470000      0.0080000      0.1703600      0.0010000      3.0174400      0.0229600   3570.0000000     20.0000000      0.4713000      0.0060000      0.0324910      0.0004550      0.1000000      0.0800000      7.0000000
     0.8563532     -0.1432141      0.2739377      9.5837253     10.0582341      1.9327654      3.7298664     -6.7862444      0.7729912      0.0422478      0.1016745      0.4068799      0.4867489      0.0863473      0.5098063      0.0067085      0.0064305      0.0238931      0.7630000      0.0210000      0.0993300      0.0005300     16.4083000      0.1966000   5394.0000000     76.0000000      0.8190000      0.0240000      0.5197140      0.0083390     -0.0400000   -999.0000000      2.0000000
     0.8210731     -0.1619455      0.2503901      9.5320804      5.7537092      1.9375451      3.7189796     -6.4019973      1.2618976      0.0382150      0.1825626      0.2627427      0.4375103      0.0096447      0.4306659      0.0034996      0.0057379      0.0193915      1.2540000      0.0120000      0.1737700      0.0001800     39.8109000      0.4271600   5251.0000000     29.0000000      0.7780000      0.0080000      0.4120160      0.0045020     -0.3100000   -999.0000000      2.0000000
     0.5689981      0.2248492      0.4588420      9.5469260      7.0450356      1.6177612      3.5717113     -7.4745103      0.7203545      0.0144148      0.1418877      2.8794240      0.5525914      0.0472841      0.9473425      0.0024954      0.0051645      0.0081029      0.7220000      0.0080000      0.1418700      0.0006400      3.3480900      0.0360300   3727.0000000     23.0000000      0.5472000      0.0067000      0.0519850      0.0007300     -0.0600000   -999.0000000      7.0000000
     0.6898672      0.0647543      0.4023435      9.5596131      3.4952606      1.6547111      3.6324029     -6.4489006      1.7748353      0.0307183      0.2038269      1.6645768      0.5425292      0.0098442      0.7513393      0.0020599      0.0060738      0.0140852      1.7750000      0.0130000      0.2860400      0.0005600     35.4910000      0.4440000   4289.0000000     21.0000000      0.6611000      0.0048000      0.1355580      0.0017770     -0.1900000   -999.0000000      7.0000000
     0.6146406     -0.0343834      1.1691905      9.4923347      3.4957473      1.7052718      3.6069545     -6.6522300      1.5786898      0.0246110      0.1871747      7.1354245      0.5279327      0.0101593      0.9064805      0.0029794      0.0041046      0.0220041      1.5810000      0.0220000      0.2860400      0.0005600     22.2523800      0.1923500   4044.0000000     29.0000000      0.6010000      0.0072000      0.0849930      0.0008070     -0.2200000   -999.0000000      7.0000000
     0.7522231      0.0526643      0.1445307      9.5570938      3.6224814      1.5338417      3.6600754     -6.2884564      1.8821551      0.0329275      0.2145270      1.1031165      0.5804361      0.0055927      0.5626376      0.0029072      0.0095065      0.0189118      1.8810000      0.0170000      0.2760600      0.0002800     51.4025000      1.0280000   4570.0000000     31.0000000      0.7320000      0.0060000      0.2107840      0.0042370     -0.0700000   -999.0000000      3.0000000
     0.5883008      0.2305882      0.4390864      9.5371346     10.1665121      1.3174189      3.5735394     -7.7466843      0.5223561      0.0150742      0.1068319      1.3228558      0.5884593      0.2379278      0.8917479      0.0051059      0.0040490      0.0122783      0.5320000      0.0140000      0.0976100      0.0015300      1.7910800      0.0148100   3713.0000000     49.0000000      0.5863000      0.0179000      0.0587470      0.0019050      0.1700000      0.0800000      7.0000000
     0.3515120      0.4021435      0.1787041      9.7364083      4.6460564      0.8203094      3.5151764     -7.7144770      0.7089072      0.0086037      0.0446920      1.7885648      0.4015323      0.0646552      0.1918529      0.0016699      0.0042764      0.0059042      0.7460000      0.0090000      0.2132800      0.0021200      1.9156600      0.0151700   3189.0000000     20.0000000      0.3761000      0.0059000      0.0131610      0.0002820      0.1700000      0.0800000      7.0000000
     0.5735422      0.2931358      0.3116129      9.5211788      6.8424412      1.8225230      3.5709292     -7.4498632      0.7437128      0.0117655      0.1223429      1.5663690      0.5334419      0.0733333      0.8878498      0.0012921      0.0035647      0.0040960      0.7440000      0.0040000      0.1460900      0.0010000      3.5448500      0.0271500   3724.0000000     12.0000000      0.5477000      0.0048000      0.0519060      0.0008140      0.2100000   -999.0000000      7.0000000
     0.4870347     -0.1238802     -0.0698738      9.4507499      3.2770046      1.9181219      3.5700883     -6.9630001      1.3079696      0.0135274      0.1470824      9.6545399      0.5892235      0.0102440      0.9018514      0.0042979      0.0083919      0.0250651      1.3040000      0.0320000      0.3052600      0.0007000     10.8945000      0.1680200   3724.0000000     48.0000000      0.4712000      0.0086000      0.0365370      0.0005880     -0.0600000   -999.0000000      7.0000000
     0.7870112      0.0186346      0.2996474      9.6032181      6.5424709      1.4208414      3.6778437     -6.6802042      1.1057992      0.0330509      0.1746372      0.1056152      0.5072430      0.0202276      0.3898337      0.0018605      0.0030134      0.0082825      1.1060000      0.0070000      0.1527600      0.0002900     20.8979400      0.1220800   4759.0000000     17.0000000      0.7784000      0.0053000      0.2798630      0.0019500     -0.0500000   -999.0000000      2.0000000
     0.4108855      0.2619519     -0.0579431      9.6235469      6.1474596      1.0149398      3.5208097     -7.7718680      0.5981349      0.0112577      0.0807283      3.5532462      0.5323820      0.0856975      0.7776677      0.0098968      0.0208067      0.0108087      0.6230000      0.0100000      0.1617600      0.0016600      1.5921600      0.0332500   3332.0000000     32.0000000      0.4139000      0.0076000      0.0190150      0.0005570      0.0300000      0.0800000      7.0000000
     0.1556164      0.3836544      0.2555596      9.5098313      3.1520109      1.0006942      3.4672118     -8.0853950      0.5394187      0.0031040      0.0373611      0.9281720      0.5663140      0.0097893      0.4290024      0.0077283      0.0242262      0.0044293      0.6080000      0.0080000      0.3167000      0.0007000      0.7589300      0.0118200   2802.0000000     21.0000000      0.2070000      0.0029000      0.0023650      0.0000380      0.2300000      0.0800000      7.0000000
     0.8040934     -0.1611420      0.2677223      9.5626710     16.7865859      1.9135286      3.7106414     -7.3684834      0.4314337      0.0399078      0.1808410      0.6220659      0.5115926      0.2580022      0.6841921      0.0078049      0.0105606      0.0144352      0.4330000      0.0140000      0.0594600      0.0005900      4.2998000      0.0860000   5123.0000000     87.0000000      0.7821000      0.0258000      0.3800670      0.0107080     -0.2800000   -999.0000000      2.0000000
