     0.7536311     -0.2561461      0.1781423      9.6537960      7.2160449      0.9103536      3.6713594     -6.7647267      1.0280380      0.0336659      0.2325916      0.1077521      0.4336397      0.0433408      0.4959218      0.0046360      0.0123033      0.0359123      1.0300000      0.0070000      0.1392700      0.0004500     17.1834000      0.1059100   4696.0000000     18.0000000      0.7949000      0.0062000      0.2768570      0.0024720     -0.2700000   -999.0000000      2.0000000
     0.8045349     -0.0001971      0.2793283      9.8357544     10.3794334      1.5102711      3.7094203     -6.9424194      0.7142783      0.0353625      0.1148811      0.1016803      0.3763983      0.0687853      0.2953930      0.0063755      0.0302247      0.0137171      0.7130000      0.0060000      0.0966000      0.0004000     11.5675000      0.2313500   5113.0000000     33.0000000      0.7935000      0.0072000      0.3873880      0.0083860      0.0800000   -999.0000000      3.0000000
     0.8070245     -0.1418024      0.2814733      9.6866796      3.2174016      1.8071957      3.7055084     -5.9891838      2.1560820      0.0360930      0.1629555      0.0946895      0.3493556      0.0029120      0.4282745      0.0097404      0.0231061      0.0488427      2.1480000      0.0290000      0.3109400      0.0001600    102.3041000      1.1903300   5080.0000000     37.0000000      0.7350000      0.0050000      0.3306750      0.0038620     -0.1600000   -999.0000000      2.0000000
     0.4130989     -0.2414098      0.2348654      9.9077093      3.5838606      0.9021397      3.5574148     -7.2451351      1.0028362      0.0066604      0.0937823      0.5920318      0.5276607      0.0132720      1.1397953      0.0018417      0.0048666      0.0065525      1.0050000      0.0050000      0.2787600      0.0007700      5.6687900      0.0454000   3603.0000000     12.0000000      0.3863000      0.0021000      0.0227980      0.0002220     -0.3000000   -999.0000000      7.0000000
     0.7821720     -0.4335732      0.3332518      9.6869783      4.9889219      1.1462525      3.7114349     -6.2730638      1.5046974      0.0429769      0.3075361      0.0978485      0.4495227      0.0098510      0.5921690      0.0075702      0.0413730      0.0319603      1.5040000      0.0060000      0.2006200      0.0002300     52.8799000      0.6227400   5148.0000000     18.0000000      0.8051000      0.0035000      0.4105850      0.0049260     -0.4400000   -999.0000000      2.0000000
     0.7179983      0.4029479      0.3148506      9.6091718     11.1790232      1.0453363      3.6118421     -7.5195971      0.5727225      0.0200643      0.1306143      0.4187994      0.4787521      0.1736910      0.6500636      0.0081546      0.0071003      0.0218748      0.5860000      0.0220000      0.0877800      0.0009700      3.0277100      0.0316900   4034.0000000     76.0000000      0.7176000      0.0280000      0.1227960      0.0030030      0.3900000      0.0800000      7.0000000
     0.5036903      0.1348677      0.2908668      8.7880649      9.4878280      2.8177781      3.5604144     -7.9028925      0.4624136      0.0169887      0.1081460      0.6222316      0.6357421      0.3223056      0.9592771      0.0051362      0.0054229      0.0116609      0.4540000      0.0190000      0.1078300      0.0028500      1.2537100      0.0111900   3676.0000000     77.0000000      0.4525000      0.0221000      0.0336960      0.0018060      0.1400000      0.0800000      7.0000000
     0.7693532      0.1034385      0.2838594     10.1188715      8.7168382      1.4421753      3.6804577     -6.9202498      0.8334944      0.0344495      0.1561109      0.1063749      0.4956192      0.0652858      0.4339706      0.0039333      0.0113890      0.0207643      0.8290000      0.0070000      0.1148400      0.0005000     12.0460000      0.1425900   4790.0000000     25.0000000      0.7759000      0.0073000      0.2854420      0.0041950      0.1400000   -999.0000000      2.0000000
     0.6165866      0.4714015      0.2903410      8.9146045      5.6828138      2.9051768      3.5816312     -7.1983438      0.9433139      0.0148461      0.1982436      0.4543847      0.5192592      0.0533346      0.9646957      0.0015033      0.0049350      0.0068830      0.9430000      0.0040000      0.1767700      0.0011800      6.3402100      0.0537100   3825.0000000     11.0000000      0.5735000      0.0044000      0.0634090      0.0010030      0.4900000   -999.0000000      7.0000000
     0.6232452      0.0431075      0.2571743      8.9280749     11.3139202      0.6660720      3.5889137     -7.6899042      0.5189534      0.0228953      0.1822705      0.2535372      0.5193995      0.1995544      0.9243087      0.0066354      0.0061195      0.0163301      0.5190000      0.0150000      0.0889700      0.0010200      2.0395100      0.0198000   3883.0000000     57.0000000      0.6266000      0.0193000      0.0805190      0.0020050      0.0500000   -999.0000000      7.0000000
     0.7913052     -0.4979374      0.3221896      9.7591181     16.6092111      0.9441286      3.7073703     -7.3202872      0.4638370      0.0445635      0.3195822      0.1609934      0.4764896      0.2437923      0.5901793      0.0071699      0.0476721      0.0160818      0.4650000      0.0040000      0.0596400      0.0005600      4.8194000      0.1445800   5087.0000000     44.0000000      0.8387000      0.0109000      0.4234280      0.0149860     -0.8300000   -999.0000000      2.0000000
     0.8910321     -0.1058332      0.2729328     10.1319397     12.4370874      1.3817602      3.7236315     -6.9231728      0.6741538      0.0510508      0.0784903      0.1304459      0.4964181      0.0851286      0.3325811      0.0123407      0.0769070      0.0413196      0.6740000      0.0140000      0.0800400      0.0003500     11.9156000      0.2383100   5298.0000000     61.0000000      0.9058000      0.0190000      0.5812500      0.0126880     -0.1100000      0.0300000      2.0000000
     0.5866473     -0.0041412      0.2746839     10.0929261      6.0549567      0.9291742      3.5959362     -7.2165777      0.8694213      0.0243571      0.1713022      0.3852036      0.6316989      0.1305442      0.8851981      0.0039617      0.0061502      0.0163664      0.8710000      0.0150000      0.1621300      0.0023700      6.0882300      0.0590400   3940.0000000     35.0000000      0.5773000      0.0131000      0.0723810      0.0022290     -0.0400000   -999.0000000      7.0000000
     0.5877184     -0.0186109      0.2563585     10.1004743      6.1073957      1.4195244      3.5962016     -7.2284596      0.8568580      0.0240022      0.1725964      0.4396232      0.6351858      0.1252829      0.7516371      0.0044936      0.0075363      0.0179369      0.8560000      0.0160000      0.1621300      0.0023700      5.9220000      0.0714100   3947.0000000     39.0000000      0.5673000      0.0137000      0.0704050      0.0022270     -0.0400000   -999.0000000      7.0000000
     0.7458917     -0.4059129      0.2420098      9.5766527      7.4538173      1.6748228      3.7047570     -6.7832090      0.8686276      0.0290142      0.1713056      0.4309685      0.3491554      0.0447956      0.4928227      0.0070959      0.0180083      0.0074355      0.8680000      0.0040000      0.1341400      0.0005100     16.5153000      0.1930700   5065.0000000     19.0000000      0.6954000      0.0041000      0.2868340      0.0040000     -0.4200000   -999.0000000      2.0000000
     0.6928741      0.2387877      0.2422249      9.7882984      4.8711403      1.6728561      3.6192416     -6.8247376      1.2247625      0.0233949      0.1482827      0.2419682      0.4603817      0.0181093      0.6017792      0.0020383      0.0052917      0.0125955      1.2250000      0.0080000      0.2052100      0.0005400     14.9496600      0.1221900   4159.0000000     16.0000000      0.6398000      0.0046000      0.1109420      0.0010780      0.2400000   -999.0000000      7.0000000
     0.3810769      0.3799123      0.3862333      8.8784446      3.9585306      0.5923800      3.5182933     -7.5282808      0.8650737      0.0495243      0.0535305      0.1798415      0.8361755      0.6882287      0.7473882      0.0110429      0.0131062      0.0275443      0.8740000      0.0050000      0.2046000      0.0028000      2.9402500      0.0353900   3279.0000000     14.0000000      0.4593000      0.0068000      0.0219500      0.0006560      0.1500000      0.0800000      7.0000000
     0.3917682     -0.1754245      0.1180260      9.9773534      6.6163851      0.5984887      3.5430055     -7.8593425      0.5271947      0.0153223      0.4127854      0.5095189      0.5436374      0.1062241      1.0378995      0.0076428      0.0076056      0.0184886      0.5670000      0.0150000      0.1501000      0.0017000      1.3742000      0.0163700   3366.0000000     46.0000000      0.4060000      0.0117000      0.0190610      0.0004880     -0.1900000   -999.0000000      4.0000000
     0.3984644     -0.3153909      0.4166719     10.0836807      2.5405344      0.5161393      3.5512662     -6.9670546      1.4227625      0.0163901      0.2879474      0.6198050      0.6328892      0.0063686      1.2170994      0.0024752      0.0052570      0.0164924      1.4320000      0.0130000      0.3926400      0.0006700     10.8213000      0.0956700   3548.0000000     18.0000000      0.3924000      0.0033000      0.0219360      0.0002080     -0.3800000   -999.0000000      7.0000000
     0.4058044     -0.3140667      0.1545664      9.8814410      4.8263510      0.5541344      3.5543613     -7.5080797      0.7532483      0.0132343      0.2542104      0.7152599      0.5566111      0.0322068      1.1617487      0.0045243      0.0086654      0.0167606      0.7640000      0.0170000      0.2062700      0.0010000      3.0865900      0.0422600   3550.0000000     41.0000000      0.3982000      0.0091000      0.0226710      0.0003800     -0.3700000   -999.0000000      7.0000000
     0.4377036      0.0452918      0.2119405     10.1172317      9.9767179      0.5820325      3.5452217     -8.0805213      0.4021984      0.0225436      0.1840622      0.5768321      0.6186637      0.3403107      1.0971237      0.0060217      0.0069448      0.0117172      0.4170000      0.0130000      0.0986100      0.0023300      0.8276600      0.0093200   3458.0000000     55.0000000      0.4546000      0.0182000      0.0265990      0.0012920      0.0100000   -999.0000000      7.0000000
     0.7010646     -0.4979987      0.1167246      9.7288200      9.1430754      1.5301480      3.6896802     -7.0569812      0.6786666      0.0237485      0.2141080      0.2624654      0.3561565      0.0521926      0.5313313      0.0071245      0.0064648      0.0133906      0.6790000      0.0070000      0.1099900      0.0004100      8.7658000      0.0600000   4888.0000000     27.0000000      0.6784200      0.0054800      0.2264370      0.0022920     -1.2600000   -999.0000000      3.0000000
     0.7819612     -0.2115812      0.2820270     10.0163602     11.0005720      1.4806423      3.6954344     -7.1091827      0.6215162      0.0328279      0.1545664      0.1200264      0.5572271      0.1412084      0.4080569      0.0049096      0.0131805      0.0098876      0.6220000      0.0060000      0.0903200      0.0007400      7.7674000      0.1142000   4955.0000000     30.0000000      0.7405000      0.0094000      0.2975560      0.0065510     -0.2400000   -999.0000000      2.0000000
     0.5029799     -0.0652021      0.2696679     10.0961914      7.5881527      0.8209751      3.5709338     -7.6578750      0.5879457      0.0129421      0.1166019      0.5144912      0.5879939      0.0856430      0.9113397      0.0044062      0.0052235      0.0119607      0.5930000      0.0160000      0.1306200      0.0010500      2.2061400      0.0182200   3705.0000000     51.0000000      0.4882000      0.0315000      0.0404090      0.0007300     -0.0900000      0.0800000      7.0000000
     0.4717797     -0.2151619      0.2723985     10.1540809      5.3926227      0.5241035      3.5629828     -7.3988786      0.8197840      0.0326056      0.3210692      0.5530581      0.6467288      0.0453532      1.1320349      0.0040164      0.0078840      0.0163165      0.8350000      0.0140000      0.1854900      0.0011000      4.0127200      0.0525100   3626.0000000     33.0000000      0.4840000      0.0084000      0.0364470      0.0006440     -0.3100000   -999.0000000      7.0000000
     0.7374083     -0.4979950      0.4575745     10.0965980      7.5896266      1.9318992      3.7288943     -6.5850329      0.9766202      0.0831958      0.3566514      0.1697119      0.6331666      0.0895166      0.3936856      0.0120605      0.0578180      0.0324371      0.9730000      0.0090000      0.1323800      0.0008200     25.8044000      0.3077000   5349.0000000     29.0000000      0.7910000      0.0080000      0.4601620      0.0079120     -0.9200000   -999.0000000      2.0000000
     0.1218395     -0.0314032      0.2816154     10.0691712      1.2992444      2.1477666      3.4769670     -7.5155130      1.0593832      0.0026775      0.2080313      0.6978884      0.6032338      0.0061095      0.7794962      0.0068413      0.0160278      0.0361098      1.0110000      0.0520000      0.7716400      0.0026000      3.0602000      0.0612000   3079.0000000     81.0000000      0.1410000      0.0070000      0.0016060      0.0000340      0.0000000   -999.0000000      5.0000000
     0.9414373      0.2297428      0.2012926      9.3248330      1.3380142      1.7443535      3.7162900     -5.0594329      6.0248040      0.1023253      0.2757302      0.0846689      0.4670733      0.0041345      0.4347283      0.0095371      0.0557871      0.1930126      6.0000000      0.0210000      0.7471000      0.0012000    865.4461100     17.3089000   5184.0000000     27.0000000      0.8671500      0.0028700      0.4845560      0.0098150      0.2100000   -999.0000000      3.0000000
     0.8912240     -0.1564560      0.2737981      9.7576811      6.6950452      1.8306918      3.7448107     -6.3438206      1.1984681      0.0480988      0.1312013      0.0666528      0.3255360      0.0403542      0.3670943      0.0190333      0.0867401      0.0660350      1.1960000      0.0140000      0.1489800      0.0004800     45.3513900      0.2972900   5555.0000000     34.0000000      0.8627000      0.0107000      0.6385520      0.0058700     -0.1600000   -999.0000000      2.0000000
     0.7652043     -0.0783648      0.2724164      9.6562089      5.8624640      1.0019081      3.6600505     -6.6981171      1.1708673      0.0354600      0.2195891      0.1646316      0.4418484      0.0520048      0.6542239      0.0075787      0.0070620      0.0441018      1.1770000      0.0300000      0.1698500      0.0008200     20.0192000      0.1329000   4564.0000000     59.0000000      0.7390000      0.0190000      0.2168590      0.0025410     -0.0600000   -999.0000000      3.0000000
     0.3130620     -0.1096173      0.2822818     10.0522823      6.3036617      2.8003254      3.5383414     -8.0175297      0.4483382      0.0118084      0.1734023      0.2928363      0.5886476      0.0721635      0.9180106      0.0050327      0.0047044      0.0112256      0.4460000      0.0140000      0.1601200      0.0013300      0.9608500      0.0076700   3471.0000000     55.0000000      0.2990000      0.0100000      0.0117120      0.0002160     -0.1500000   -999.0000000      7.0000000
     0.9777348      0.4133773      0.5468574      9.8146992     18.7313545      2.4385436      3.7377896     -7.1847961      0.4843449      0.1086189      0.5157751      0.3159227      0.4155742      1.1322069      0.5709319      0.0230497      0.1102312      0.0369416      0.4590000      0.0170000      0.0569100      0.0003400      6.7864900      0.1357300   5577.0000000    107.0000000      0.8668000      0.0324000      0.6548310      0.0152560      0.3300000   -999.0000000      2.0000000
     0.3361984     -0.3256665      0.2117782     10.0741030      6.4863837      0.6261443      3.5432968     -7.9634805      0.4673857      0.0089157      0.1343982      0.5950811      0.5736171      0.0590014      1.0966516      0.0038423      0.0069196      0.0089821      0.4750000      0.0130000      0.1534600      0.0009900      1.0874100      0.0120100   3469.0000000     48.0000000      0.3328000      0.0093000      0.0144300      0.0002450     -0.3500000      0.0800000      7.0000000
     0.8505425     -0.0742331      0.2109080      9.6278078      9.7458811      2.9546523      3.7314751     -6.8283392      0.7249059      0.0368876      0.1586134      0.0973235      0.4099646      0.0731253      1.0152821      0.0175243      0.0350523      0.0355945      0.7240000      0.0110000      0.1025500      0.0004000     14.8801000      0.0900000   5404.0000000     42.0000000      0.7591000      0.0122000      0.4421770      0.0043650      0.0400000   -999.0000000      3.0000000
     0.5297795      0.0883291      0.2482655     10.0860465     10.1383081      0.5361917      3.5607192     -7.8873375      0.4696296      0.0140918      0.0979895      0.4596174      0.5571480      0.2105363      0.9820740      0.0053170      0.0062121      0.0120216      0.4840000      0.0120000      0.0966700      0.0013900      1.2984000      0.0128600   3592.0000000     45.0000000      0.5387000      0.0157000      0.0434200      0.0013210      0.0300000      0.0800000      7.0000000
     0.6805292      0.2003348      0.2731002      9.5010269      7.6737708      1.5876243      3.6194745     -7.2273237      0.7690703      0.0216554      0.1401099      0.3220032      0.4216762      0.0622259      0.6370464      0.0024305      0.0047513      0.0092053      0.7680000      0.0070000      0.1298600      0.0007300      5.9265400      0.0446000   4168.0000000     21.0000000      0.6359000      0.0071000      0.1098280      0.0014860      0.1900000   -999.0000000      7.0000000
     0.7813388     -0.4777811      0.2273212      9.5646195     12.8437716      1.2291821      3.7202485     -7.0829726      0.5783771      0.0437429      0.3808209      0.0935010      0.4267779      0.0894351      0.5256177      0.0123668      0.0401108      0.0208628      0.5730000      0.0100000      0.0781100      0.0003000      8.2539000      0.1000000   5242.0000000     48.0000000      0.7891000      0.0144000      0.4227730      0.0060650     -0.5200000   -999.0000000      2.0000000
     0.4306719      0.0900614      0.2252734      9.9791044      4.5380182      0.5305335      3.5367980     -7.4715556      0.8430451      0.0095498      0.1932893      0.5353372      0.5467150      0.0271796      1.1541184      0.0038911      0.0051278      0.0158698      0.8590000      0.0140000      0.2208400      0.0009400      3.3631300      0.0283100   3421.0000000     29.0000000      0.4183000      0.0070000      0.0215500      0.0002580      0.0500000   -999.0000000      7.0000000
     0.8496608     -0.1091532      0.2704065     10.0026112      7.5007975      1.5829109      3.7154524     -6.6148270      1.0015281      0.0409088      0.1242058      0.0758873      0.3964784      0.0583081      0.3627901      0.0092456      0.0483394      0.0258214      1.0000000      0.0040000      0.1327600      0.0005000     24.2500000      0.2825400   5195.0000000     18.0000000      0.8101000      0.0045000      0.4299700      0.0059650     -0.1400000   -999.0000000      2.0000000
     0.1653381     -0.3154841      0.3332081      8.8462413      1.8155095      0.5682667      3.5091780     -7.4810483      0.9489394      0.0018383      0.1676804      0.4520716      0.6265115      0.0081613      1.3801390      0.0020052      0.0093563      0.0075981      0.9520000      0.0050000      0.5483100      0.0015100      3.2629200      0.0565900   3225.0000000     16.0000000      0.1869000      0.0012000      0.0033920      0.0000620     -0.4000000   -999.0000000      7.0000000
     0.8990984     -0.1075357      0.2431584      9.9509630      5.0783464      1.7249679      3.7313020     -6.1917819      1.5157532      0.0620023      0.1421141      0.0718498      0.3645691      0.0404608      0.3876895      0.0157718      0.0748794      0.0276796      1.5150000      0.0050000      0.1959600      0.0008700     64.3329600      1.8793900   5386.0000000     40.0000000      0.8310000      0.0044000      0.5235520      0.0159860     -0.0100000   -999.0000000      2.0000000
     0.7054634     -0.0994213      0.2933745     10.1043305      5.1088206      1.2551263      3.6479261     -6.7114009      1.2242119      0.0336486      0.1911213      0.5505830      0.6773226      0.0322051      0.6396407      0.0041065      0.0121243      0.0194829      1.2210000      0.0150000      0.1959600      0.0008700     19.4020000      0.4120000   4446.0000000     36.0000000      0.6697000      0.0089000      0.1578970      0.0036340     -0.1200000   -999.0000000      2.0000000
     0.7654414     -0.2701167      0.2772061      9.8780820     11.0346062      1.1760804      3.6987968     -7.0338532      0.6635871      0.0376643      0.2049180      0.0592327      0.4069109      0.0679510      0.4491155      0.0068782      0.0221503      0.0177010      0.6660000      0.0060000      0.0907100      0.0003000      9.2785000      0.0594400   5006.0000000     24.0000000      0.7897000      0.0077000      0.3523940      0.0032450     -0.3300000   -999.0000000      2.0000000
     0.8305121     -0.4939690      0.2696786      9.6146186      3.6540045      1.3421922      3.7322236     -5.9231412      2.0812979      0.0418888      0.3268415      0.0989499      0.4332577      0.0040538      0.4139757      0.0157523      0.0610631      0.0790719      2.0780000      0.0310000      0.2739600      0.0001700    119.8023000      1.3945000   5373.0000000     43.0000000      0.8153900      0.0121700      0.4988300      0.0058390     -0.6000000   -999.0000000      2.0000000
     0.3562810     -0.0298841      0.3146169      9.8212834      3.4863300      0.5224701      3.5333230     -7.4080096      0.9282173      0.0087696      0.2069019      0.5438933      0.5220807      0.0446835      1.2097391      0.0025614      0.0068702      0.0105560      0.9370000      0.0080000      0.2830000      0.0016900      3.8975100      0.0449000   3398.0000000     17.0000000      0.3561000      0.0039000      0.0152080      0.0002520     -0.2300000   -999.0000000      7.0000000
     0.2784761      0.1352334      0.1813350      9.9089506      3.5358560      0.5598438      3.5160509     -7.6479564      0.7622687      0.0100039      0.2507142      0.2264054      0.5155107      0.0298753      0.8703107      0.0046947      0.0118285      0.0243652      0.8510000      0.0150000      0.2830000      0.0016900      2.2445300      0.0375400   3106.0000000     30.0000000      0.3232000      0.0061000      0.0087580      0.0001800     -0.3000000   -999.0000000      7.0000000
     0.4843600      0.1067410      0.2884108     10.0961281      5.8310798      0.7480400      3.5518835     -7.5190316      0.7459980      0.0099437      0.0856427      0.4065319      0.5572312      0.0494229      0.9760449      0.0026432      0.0046469      0.0094240      0.7470000      0.0080000      0.1703600      0.0010000      3.0174400      0.0229600   3570.0000000     20.0000000      0.4713000      0.0060000      0.0324910      0.0004550      0.1000000      0.0800000      7.0000000
     0.9023101     -0.1123033      0.2538939     10.0251151      9.9696283      1.7043474      3.7326331     -6.7832141      0.7763759      0.0578947      0.1012626      0.0986956      0.4652800      0.0999244      0.4201392      0.0135155      0.0461443      0.0382421      0.7630000      0.0210000      0.0993300      0.0005300     16.4083000      0.1966000   5394.0000000     76.0000000      0.8190000      0.0240000      0.5197140      0.0083390     -0.0400000   -999.0000000      2.0000000
     0.7681305     -0.3517212      0.2762738      9.9655192      5.7514101      1.4597728      3.7195717     -6.3988318      1.2551524      0.0426182      0.2081992      0.1022312      0.4448654      0.0103678      0.4284010      0.0126338      0.0475015      0.0417776      1.2540000      0.0120000      0.1737700      0.0001800     39.8109000      0.4271600   5251.0000000     29.0000000      0.7780000      0.0080000      0.4120160      0.0045020     -0.3100000   -999.0000000      2.0000000
     0.5596443     -0.0053486      0.2877662     10.1400016      6.9974840      0.5246822      3.5709727     -7.4736055      0.7202646      0.0143156      0.2304561      0.4040310      0.5695234      0.0516598      1.2387766      0.0030428      0.0064834      0.0109198      0.7220000      0.0080000      0.1418700      0.0006400      3.3480900      0.0360300   3727.0000000     23.0000000      0.5472000      0.0067000      0.0519850      0.0007300     -0.0600000   -999.0000000      7.0000000
     0.6709667     -0.1882222      0.2693047     10.1179349      3.4766408      0.9524235      3.6317729     -6.4480240      1.7745007      0.0274993      0.3029515      0.2887909      0.6034955      0.0184562      0.7827181      0.0024622      0.0075542      0.0192312      1.7750000      0.0130000      0.2860400      0.0005600     35.4910000      0.4440000   4289.0000000     21.0000000      0.6611000      0.0048000      0.1355580      0.0017770     -0.1900000   -999.0000000      7.0000000
     0.6010671     -0.2257946      0.3543997     10.1100075      3.4903430      0.8965172      3.6059969     -6.6527276      1.5773542      0.0221339      0.2253897      0.5915230      0.6546516      0.0099982      0.8843473      0.0035530      0.0054562      0.0250956      1.5810000      0.0220000      0.2860400      0.0005600     22.2523800      0.1923500   4044.0000000     29.0000000      0.6010000      0.0072000      0.0849930      0.0008070     -0.2200000   -999.0000000      7.0000000
     0.7579225     -0.0611072      0.2994365      8.8493017      3.6180671      1.0396542      3.6601452     -6.2890498      1.8825083      0.0300855      0.1641788      0.2233584      0.6316287      0.0055248      0.5460829      0.0036996      0.0127024      0.0285906      1.8810000      0.0170000      0.2760600      0.0002800     51.4025000      1.0280000   4570.0000000     31.0000000      0.7320000      0.0060000      0.2107840      0.0042370     -0.0700000   -999.0000000      3.0000000
     0.5829158      0.1855210      0.2485354     10.0836892     10.0317527      0.6300424      3.5711078     -7.7471741      0.5309508      0.0155419      0.1099952      0.3106993      0.5802521      0.2380014      0.9424238      0.0059854      0.0051485      0.0167664      0.5320000      0.0140000      0.0976100      0.0015300      1.7910800      0.0148100   3713.0000000     49.0000000      0.5863000      0.0179000      0.0587470      0.0019050      0.1700000      0.0800000      7.0000000
     0.3334817      0.3903217      0.4997546     10.0952079      4.4355151      0.5120175      3.5115109     -7.7165367      0.7154892      0.0150435      0.0807632      0.3151058      0.4080199      0.2089454      0.8288395      0.0072051      0.0061562      0.0160045      0.7460000      0.0090000      0.2132800      0.0021200      1.9156600      0.0151700   3189.0000000     20.0000000      0.3761000      0.0059000      0.0131610      0.0002820      0.1700000      0.0800000      7.0000000
     0.5698892      0.2229979      0.2586618     10.1076683      6.8232921      1.1628694      3.5717913     -7.4487204      0.7431048      0.0141662      0.1267044      0.2515532      0.6053652      0.0668734      0.7510099      0.0017056      0.0048265      0.0065657      0.7440000      0.0040000      0.1460900      0.0010000      3.5448500      0.0271500   3724.0000000     12.0000000      0.5477000      0.0048000      0.0519060      0.0008140      0.2100000   -999.0000000      7.0000000
     0.4941026     -0.0501279      0.2664413      8.8081477      3.2746842      2.8078306      3.5688560     -6.9623453      1.3126768      0.0148256      0.1582799      0.9637752      0.6376847      0.0106554      0.9281982      0.0049279      0.0095597      0.0304890      1.3040000      0.0320000      0.3052600      0.0007000     10.8945000      0.1680200   3724.0000000     48.0000000      0.4712000      0.0086000      0.0365370      0.0005880     -0.0600000   -999.0000000      7.0000000
     0.7893275     -0.0731440      0.2806726      9.8462997      6.5385844      1.0821845      3.6777601     -6.6804201      1.1024832      0.0364587      0.1690112      0.0564381      0.4717340      0.0216575      0.4757419      0.0041344      0.0134474      0.0337426      1.1060000      0.0070000      0.1527600      0.0002900     20.8979400      0.1220800   4759.0000000     17.0000000      0.7784000      0.0053000      0.2798630      0.0019500     -0.0500000   -999.0000000      2.0000000
     0.4027150      0.1626387      0.2296271     10.1361301      6.0701453      0.5220087      3.5313145     -7.7935277      0.6056307      0.0106425      0.0942147      0.5388525      0.5582124      0.0868766      0.9165921      0.0043821      0.0129207      0.0115900      0.6230000      0.0100000      0.1617600      0.0016600      1.5921600      0.0332500   3332.0000000     32.0000000      0.4139000      0.0076000      0.0190150      0.0005570      0.0300000      0.0800000      7.0000000
     0.1582084      0.4127620      0.4155537      9.9630796      3.1395333      0.9158496      3.4735054     -8.1049070      0.5481027      0.0042269      0.0681148      0.2605484      0.4819760      0.0146814      0.7597980      0.0050214      0.0137801      0.0115898      0.6080000      0.0080000      0.3167000      0.0007000      0.7589300      0.0118200   2802.0000000     21.0000000      0.2070000      0.0029000      0.0023650      0.0000380      0.2300000      0.0800000      7.0000000
     0.7638013     -0.2876382      0.2720935     10.0337634     16.6638998      1.4184509      3.7088025     -7.3671445      0.4323153      0.0428200      0.1611682      0.1665120      0.5218327      0.2803678      0.5945444      0.0104496      0.0302254      0.0201341      0.4330000      0.0140000      0.0594600      0.0005900      4.2998000      0.0860000   5123.0000000     87.0000000      0.7821000      0.0258000      0.3800670      0.0107080     -0.2800000   -999.0000000      2.0000000
