     0.7800375     -0.0104529      0.2780066      9.7072437      7.1760828      1.1463519      3.6719367     -6.7649597      1.0293854      0.0333717      0.1649484      0.0333177      0.4933688      0.0364101      0.3986616      0.0019906      0.0029052      0.0073134      1.0300000      0.0070000      0.1392700      0.0004500     17.1834000      0.1059100   4696.0000000     18.0000000      0.7949000      0.0062000      0.2768570      0.0024720     -0.2700000   -999.0000000      2.0000000
     0.7968586     -0.1049519      0.2911243      9.6534898     10.3473836      1.4561682      3.7090448     -6.9365751      0.7144621      0.0456536      0.1366379      0.0317843      0.5081155      0.0559215      0.5545856      0.0021777      0.0078918      0.0062179      0.7130000      0.0060000      0.0966000      0.0004000     11.5675000      0.2313500   5113.0000000     33.0000000      0.7935000      0.0072000      0.3873880      0.0083860      0.0800000   -999.0000000      3.0000000
     0.7695060     -0.1608346      0.2814140      9.5565876      3.2159614      1.7336574      3.7056485     -5.9899316      2.1470987      0.0495056      0.1650195      0.0309082      0.5063400      0.0021425      0.6932602      0.0027677      0.0054366      0.0299393      2.1480000      0.0290000      0.3109400      0.0001600    102.3041000      1.1903300   5080.0000000     37.0000000      0.7350000      0.0050000      0.3306750      0.0038620     -0.1600000   -999.0000000      2.0000000
     0.4066346     -0.1640973      0.2767401      9.6192359      3.5865444      1.6268469      3.5565131     -7.2462424      1.0047610      0.0096974      0.1251240      0.0334747      0.5691063      0.0125374      0.9038956      0.0011933      0.0033583      0.0046916      1.0050000      0.0050000      0.2787600      0.0007700      5.6687900      0.0454000   3603.0000000     12.0000000      0.3863000      0.0021000      0.0227980      0.0002220     -0.3000000   -999.0000000      7.0000000
     0.8045682     -0.1446131      0.2836893      9.5152386      4.9848060      1.3616328      3.7122941     -6.2773762      1.5057184      0.0375975      0.1478175      0.0302759      0.4774214      0.0077535      0.4077191      0.0013064      0.0057803      0.0062578      1.5040000      0.0060000      0.2006200      0.0002300     52.8799000      0.6227400   5148.0000000     18.0000000      0.8051000      0.0035000      0.4105850      0.0049260     -0.4400000   -999.0000000      2.0000000
     0.7403044      0.3789654      0.2773106      9.5635731     11.3511619      1.4295523      3.6110291     -7.5182235      0.5714665      0.0365622      0.1015059      0.0334936      0.5525829      0.1531420      0.6674657      0.0067960      0.0048028      0.0193950      0.5860000      0.0220000      0.0877800      0.0009700      3.0277100      0.0316900   4034.0000000     76.0000000      0.7176000      0.0280000      0.1227960      0.0030030      0.3900000      0.0800000      7.0000000
     0.4819934      0.0904514      0.3055602      9.4337668      9.3251857      1.9173873      3.5626931     -7.9020164      0.4591395      0.0211614      0.0973033      0.0268457      0.5317768      0.2854866      0.8778757      0.0059674      0.0043735      0.0125838      0.4540000      0.0190000      0.1078300      0.0028500      1.2537100      0.0111900   3676.0000000     77.0000000      0.4525000      0.0221000      0.0336960      0.0018060      0.1400000      0.0800000      7.0000000
     0.7875945     -0.0235071      0.2759680      9.5683476      8.7011329      1.3938954      3.6805756     -6.9190568      0.8287545      0.0390321      0.1760435      0.0337932      0.5653999      0.0532011      0.4633741      0.0020217      0.0051616      0.0062436      0.8290000      0.0070000      0.1148400      0.0005000     12.0460000      0.1425900   4790.0000000     25.0000000      0.7759000      0.0073000      0.2854420      0.0041950      0.1400000   -999.0000000      2.0000000
     0.6081969      0.2740433      0.2929089      9.4069662      5.6520176      1.8507368      3.5824341     -7.1973940      0.9432240      0.0149642      0.1562688      0.0301897      0.4917960      0.0504784      0.7825754      0.0009679      0.0034331      0.0037561      0.9430000      0.0040000      0.1767700      0.0011800      6.3402100      0.0537100   3825.0000000     11.0000000      0.5735000      0.0044000      0.0634090      0.0010030      0.4900000   -999.0000000      7.0000000
     0.6354280      0.1343121      0.2655436      9.5471018     11.2023685      1.3057895      3.5921295     -7.6906248      0.5108791      0.0310699      0.1897265      0.0337484      0.5520430      0.1648461      0.9094135      0.0052735      0.0046438      0.0128307      0.5190000      0.0150000      0.0889700      0.0010200      2.0395100      0.0198000   3883.0000000     57.0000000      0.6266000      0.0193000      0.0805190      0.0020050      0.0500000   -999.0000000      7.0000000
     0.7832980     -0.3636121      0.2681692      9.6321295     16.7013719      1.0383817      3.7075066     -7.3161748      0.4646488      0.0427469      0.1551591      0.0359809      0.5130190      0.1941382      0.3572418      0.0040387      0.0132465      0.0041408      0.4650000      0.0040000      0.0596400      0.0005600      4.8194000      0.1445800   5087.0000000     44.0000000      0.8387000      0.0109000      0.4234280      0.0149860     -0.8300000   -999.0000000      2.0000000
     0.8559869     -0.1133990      0.2960671      9.6325128     12.4898138      1.2194426      3.7245641     -6.9237016      0.6718787      0.0476183      0.0377737      0.0282062      0.4986829      0.0727570      0.3831823      0.0051776      0.0093596      0.0134169      0.6740000      0.0140000      0.0800400      0.0003500     11.9156000      0.2383100   5298.0000000     61.0000000      0.9058000      0.0190000      0.5812500      0.0126880     -0.1100000      0.0300000      2.0000000
     0.5937866     -0.0059992      0.2698364      9.5818577      6.1544112      1.6297450      3.5957875     -7.2152945      0.8682568      0.0297592      0.1870007      0.0349492      0.5452663      0.1134665      0.9446999      0.0036269      0.0046862      0.0138124      0.8710000      0.0150000      0.1621300      0.0023700      6.0882300      0.0590400   3940.0000000     35.0000000      0.5773000      0.0131000      0.0723810      0.0022290     -0.0400000   -999.0000000      7.0000000
     0.5823238     -0.0247555      0.2800808      9.4762070      6.1408081      1.6075721      3.5968429     -7.2273956      0.8528761      0.0251628      0.1805426      0.0344623      0.5910332      0.1103440      0.8985468      0.0037556      0.0056946      0.0146390      0.8560000      0.0160000      0.1621300      0.0023700      5.9220000      0.0714100   3947.0000000     39.0000000      0.5673000      0.0137000      0.0704050      0.0022270     -0.0400000   -999.0000000      7.0000000
     0.7405804     -0.2904907      0.2850321      9.4637154      7.4527345      1.8134916      3.7042837     -6.7811337      0.8685323      0.0345070      0.1684588      0.0316193      0.4411681      0.0364592      0.6080284      0.0012844      0.0048607      0.0042149      0.8680000      0.0040000      0.1341400      0.0005100     16.5153000      0.1930700   5065.0000000     19.0000000      0.6954000      0.0041000      0.2868340      0.0040000     -0.4200000   -999.0000000      2.0000000
     0.6776310      0.1583562      0.2891055      9.4654503      4.8711839      1.8059553      3.6187103     -6.8245857      1.2246950      0.0259898      0.1751140      0.0337511      0.4938663      0.0154624      0.7515966      0.0014467      0.0036438      0.0069620      1.2250000      0.0080000      0.2052100      0.0005400     14.9496600      0.1221900   4159.0000000     16.0000000      0.6398000      0.0046000      0.1109420      0.0010780      0.2400000   -999.0000000      7.0000000
     0.4847247      0.3644777      0.2330523      9.6224974      4.8478125      0.5668962      3.5176661     -7.5291439      0.8704798      0.0107836      0.0406608      0.0037981      0.5128146      0.0816075      0.0809276      0.0015775      0.0054232      0.0051641      0.8740000      0.0050000      0.2046000      0.0028000      2.9402500      0.0353900   3279.0000000     14.0000000      0.4593000      0.0068000      0.0219500      0.0006560      0.1500000      0.0800000      7.0000000
     0.4151195      0.1717164      0.2570487      9.6251196      6.6402061      1.3392667      3.5327270     -7.8611644      0.5518122      0.0138289      0.1504390      0.0334031      0.5791836      0.0971403      0.8939837      0.0043616      0.0055341      0.0107446      0.5670000      0.0150000      0.1501000      0.0017000      1.3742000      0.0163700   3366.0000000     46.0000000      0.4060000      0.0117000      0.0190610      0.0004880     -0.1900000   -999.0000000      4.0000000
     0.4123837     -0.0916687      0.2684291      9.5663673      2.5465994      1.6187444      3.5500898     -6.9653622      1.4298650      0.0104427      0.1346503      0.0360243      0.5608112      0.0056903      0.8904963      0.0018754      0.0045093      0.0125604      1.4320000      0.0130000      0.3926400      0.0006700     10.8213000      0.0956700   3548.0000000     18.0000000      0.3924000      0.0033000      0.0219360      0.0002080     -0.3800000   -999.0000000      7.0000000
     0.4142297     -0.1345278      0.2675366      9.5186258      4.8469021      1.4262171      3.5526173     -7.5095960      0.7555102      0.0124030      0.1365359      0.0350626      0.5448692      0.0301511      0.9488660      0.0040422      0.0068873      0.0147431      0.7640000      0.0170000      0.2062700      0.0010000      3.0865900      0.0422600   3550.0000000     41.0000000      0.3982000      0.0091000      0.0226710      0.0003800     -0.3700000   -999.0000000      7.0000000
     0.4701977      0.1972946      0.2693876      9.5447092     10.0482013      1.6137057      3.5430731     -8.0825763      0.4076375      0.0231800      0.1512986      0.0372333      0.5668743      0.3168039      0.9464477      0.0061095      0.0053833      0.0114599      0.4170000      0.0130000      0.0986100      0.0023300      0.8276600      0.0093200   3458.0000000     55.0000000      0.4546000      0.0182000      0.0265990      0.0012920      0.0100000   -999.0000000      7.0000000
     0.6994991     -0.4518652      0.2664346      9.3965149      9.0987062      1.6712581      3.6891994     -7.0568843      0.6782687      0.0276026      0.0810942      0.0323075      0.4404308      0.0432144      0.6653493      0.0019793      0.0032566      0.0060612      0.6790000      0.0070000      0.1099900      0.0004100      8.7658000      0.0600000   4888.0000000     27.0000000      0.6784200      0.0054800      0.2264370      0.0022920     -1.2600000   -999.0000000      3.0000000
     0.7592282     -0.1616860      0.2786387      9.5885348     11.0615979      1.5410342      3.6949398     -7.1097131      0.6209436      0.0441410      0.1730227      0.0323829      0.4891570      0.1273500      0.7161823      0.0024325      0.0061214      0.0059753      0.6220000      0.0060000      0.0903200      0.0007400      7.7674000      0.1142000   4955.0000000     30.0000000      0.7405000      0.0094000      0.2975560      0.0065510     -0.2400000   -999.0000000      2.0000000
     0.5050083     -0.0647285      0.2724577      9.5390155      7.6518801      1.5420108      3.5711568     -7.6562021      0.5853045      0.0213320      0.0928798      0.0310931      0.5498428      0.0810822      0.9183357      0.0048873      0.0038362      0.0135621      0.5930000      0.0160000      0.1306200      0.0010500      2.2061400      0.0182200   3705.0000000     51.0000000      0.4882000      0.0315000      0.0404090      0.0007300     -0.0900000      0.0800000      7.0000000
     0.5063941      0.0024316      0.2574369      9.5436040      5.3859789      1.3882963      3.5608828     -7.3964741      0.8283500      0.0166839      0.1494816      0.0335962      0.5662925      0.0419449      0.9372818      0.0034155      0.0065877      0.0126205      0.8350000      0.0140000      0.1854900      0.0011000      4.0127200      0.0525100   3626.0000000     33.0000000      0.4840000      0.0084000      0.0364470      0.0006440     -0.3100000   -999.0000000      7.0000000
     0.7750881     -0.3945839      0.2891332      9.6243055      7.5429194      1.3127324      3.7283674     -6.5869562      0.9724925      0.0452392      0.1413020      0.0269415      0.4445199      0.0644602      0.5076982      0.0024878      0.0059983      0.0093129      0.9730000      0.0090000      0.1323800      0.0008200     25.8044000      0.3077000   5349.0000000     29.0000000      0.7910000      0.0080000      0.4601620      0.0079120     -0.9200000   -999.0000000      2.0000000
     0.1179625     -0.1545851      0.3005698      9.4211889      1.2966527      1.7163625      3.4848513     -7.5146241      1.0226154      0.0036355      0.1987691      0.0327319      0.5592547      0.0052865      0.8339747      0.0081695      0.0093253      0.0381280      1.0110000      0.0520000      0.7716400      0.0026000      3.0602000      0.0612000   3079.0000000     81.0000000      0.1410000      0.0070000      0.0016060      0.0000340      0.0000000   -999.0000000      5.0000000
     0.8326322     -0.0606733      0.2852269      9.7646919      1.3385854      1.4023148      3.7152791     -5.0633777      6.0018624      0.0474287      0.1385171      0.0287007      0.5057156      0.0031606      0.4171802      0.0025087      0.0099136      0.0215059      6.0000000      0.0210000      0.7471000      0.0012000    865.4461100     17.3089000   5184.0000000     27.0000000      0.8671500      0.0028700      0.4845560      0.0098150      0.2100000   -999.0000000      3.0000000
     0.8385353     -0.1796185      0.3018269      9.6561096      6.7095740      1.4993667      3.7449887     -6.3435767      1.1968857      0.0564282      0.1334995      0.0220131      0.4515415      0.0293324      0.4838879      0.0030883      0.0030579      0.0166539      1.1960000      0.0140000      0.1489800      0.0004800     45.3513900      0.2972900   5555.0000000     34.0000000      0.8627000      0.0107000      0.6385520      0.0058700     -0.1600000   -999.0000000      2.0000000
     0.7442568     -0.0408967      0.2809788      9.5830876      5.8866079      1.1856058      3.6605687     -6.6985151      1.1674662      0.0426263      0.2139399      0.0339670      0.5575205      0.0394201      0.7655127      0.0048111      0.0032642      0.0276206      1.1770000      0.0300000      0.1698500      0.0008200     20.0192000      0.1329000   4564.0000000     59.0000000      0.7390000      0.0190000      0.2168590      0.0025410     -0.0600000   -999.0000000      3.0000000
     0.3018428     -0.1831500      0.2850804      9.5136498      6.2353958      1.8764297      3.5409616     -8.0170824      0.4445267      0.0121605      0.1434770      0.0343973      0.5678966      0.0669082      0.9117746      0.0054803      0.0037021      0.0112158      0.4460000      0.0140000      0.1601200      0.0013300      0.9608500      0.0076700   3471.0000000     55.0000000      0.2990000      0.0100000      0.0117120      0.0002160     -0.1500000   -999.0000000      7.0000000
     0.8525024     -0.1290612      0.3075719      9.6963119     17.5808917      1.5571755      3.7454025     -7.1684020      0.4634204      0.0584052      0.1155519      0.0247342      0.4913492      0.1420974      0.5582731      0.0080425      0.0095619      0.0157438      0.4590000      0.0170000      0.0569100      0.0003400      6.7864900      0.1357300   5577.0000000    107.0000000      0.8668000      0.0324000      0.6548310      0.0152560      0.3300000   -999.0000000      2.0000000
     0.3366050     -0.2685662      0.2603743      9.5195139      6.5171562      1.4042822      3.5454160     -7.9622496      0.4636412      0.0113619      0.0894850      0.0271306      0.5365695      0.0516069      0.9298262      0.0042917      0.0050431      0.0095218      0.4750000      0.0130000      0.1534600      0.0009900      1.0874100      0.0120100   3469.0000000     48.0000000      0.3328000      0.0093000      0.0144300      0.0002450     -0.3500000      0.0800000      7.0000000
     0.8008193     -0.1556791      0.3048425      9.4947339      9.7463180      1.8971914      3.7322139     -6.8275522      0.7256437      0.0417840      0.1130907      0.0214901      0.4081952      0.0497209      0.5620562      0.0034346      0.0028874      0.0115819      0.7240000      0.0110000      0.1025500      0.0004000     14.8801000      0.0900000   5404.0000000     42.0000000      0.7591000      0.0122000      0.4421770      0.0043650      0.0400000   -999.0000000      3.0000000
     0.5529256      0.0877416      0.2481865      9.6066238     10.3035861      0.9922916      3.5594703     -7.8868280      0.4737382      0.0189165      0.0944073      0.0209895      0.5593622      0.1800260      0.8617316      0.0042606      0.0046310      0.0101430      0.4840000      0.0120000      0.0966700      0.0013900      1.2984000      0.0128600   3592.0000000     45.0000000      0.5387000      0.0157000      0.0434200      0.0013210      0.0300000      0.0800000      7.0000000
     0.6664605      0.1239122      0.2896644      9.5163731      7.7017209      1.6760347      3.6196756     -7.2268413      0.7681358      0.0258832      0.1728165      0.0343033      0.5213878      0.0612764      0.7696524      0.0018166      0.0031617      0.0064647      0.7680000      0.0070000      0.1298600      0.0007300      5.9265400      0.0446000   4168.0000000     21.0000000      0.6359000      0.0071000      0.1098280      0.0014860      0.1900000   -999.0000000      7.0000000
     0.7897698     -0.2313240      0.2886901      9.5656618     12.7933592      1.3443383      3.7199741     -7.0831444      0.5728201      0.0521867      0.1719976      0.0295877      0.4923291      0.0668116      0.5998061      0.0034508      0.0058445      0.0094641      0.5730000      0.0100000      0.0781100      0.0003000      8.2539000      0.1000000   5242.0000000     48.0000000      0.7891000      0.0144000      0.4227730      0.0060650     -0.5200000   -999.0000000      2.0000000
     0.4403799      0.2397112      0.2689370      9.5573013      4.5253156      1.5978485      3.5352170     -7.4730960      0.8536011      0.0124326      0.1325258      0.0357799      0.5702297      0.0248110      0.9181853      0.0030426      0.0039665      0.0127461      0.8590000      0.0140000      0.2208400      0.0009400      3.3631300      0.0283100   3421.0000000     29.0000000      0.4183000      0.0070000      0.0215500      0.0002580      0.0500000   -999.0000000      7.0000000
     0.8025326     -0.1279332      0.2895943      9.7052011      7.5249702      1.4787160      3.7155824     -6.6163448      1.0007832      0.0440711      0.1311469      0.0291085      0.5265317      0.0375514      0.5040888      0.0015247      0.0055898      0.0039648      1.0000000      0.0040000      0.1327600      0.0005000     24.2500000      0.2825400   5195.0000000     18.0000000      0.8101000      0.0045000      0.4299700      0.0059650     -0.1400000   -999.0000000      2.0000000
     0.1652251     -0.1970931      0.2703151      9.4652883      1.8228623      1.6750495      3.5082913     -7.4854781      0.9521979      0.0025129      0.1129891      0.0333755      0.5378423      0.0064284      0.9506183      0.0017658      0.0070231      0.0051701      0.9520000      0.0050000      0.5483100      0.0015100      3.2629200      0.0565900   3225.0000000     16.0000000      0.1869000      0.0012000      0.0033920      0.0000620     -0.4000000   -999.0000000      7.0000000
     0.8208671     -0.1386612      0.3007397      9.5786597      5.1025240      1.4293086      3.7309710     -6.1945765      1.5153112      0.0498886      0.1476907      0.0293205      0.4186996      0.0303943      0.3899415      0.0030480      0.0133699      0.0048841      1.5150000      0.0050000      0.1959600      0.0008700     64.3329600      1.8793900   5386.0000000     40.0000000      0.8310000      0.0044000      0.5235520      0.0159860     -0.0100000   -999.0000000      2.0000000
     0.6886512     -0.0964697      0.2751564      9.6143021      5.1055516      1.5750932      3.6478870     -6.7118893      1.2198052      0.0371048      0.1825142      0.0348326      0.5523324      0.0281347      0.8089481      0.0027043      0.0094216      0.0136829      1.2210000      0.0150000      0.1959600      0.0008700     19.4020000      0.4120000   4446.0000000     36.0000000      0.6697000      0.0089000      0.1578970      0.0036340     -0.1200000   -999.0000000      2.0000000
     0.7881388     -0.1512193      0.2811113      9.5895202     11.0254844      1.2798213      3.7000659     -7.0324641      0.6666252      0.0430435      0.1960900      0.0319016      0.4766130      0.0566109      0.5463201      0.0020586      0.0028385      0.0062840      0.6660000      0.0060000      0.0907100      0.0003000      9.2785000      0.0594400   5006.0000000     24.0000000      0.7897000      0.0077000      0.3523940      0.0032450     -0.3300000   -999.0000000      2.0000000
     0.8026968     -0.2771610      0.2894275      9.5766574      3.6500360      1.3936321      3.7303890     -5.9214511      2.0792915      0.0537956      0.1601365      0.0311495      0.4770583      0.0031344      0.5020694      0.0029954      0.0051782      0.0285744      2.0780000      0.0310000      0.2739600      0.0001700    119.8023000      1.3945000   5373.0000000     43.0000000      0.8153900      0.0121700      0.4988300      0.0058390     -0.6000000   -999.0000000      2.0000000
     0.3691663      0.0854461      0.2609514      9.5123351      3.5305673      1.4259227      3.5316039     -7.4088128      0.9353045      0.0097158      0.1224755      0.0356289      0.5588096      0.0280291      0.9079886      0.0017597      0.0050276      0.0081621      0.9370000      0.0080000      0.2830000      0.0016900      3.8975100      0.0449000   3398.0000000     17.0000000      0.3561000      0.0039000      0.0152080      0.0002520     -0.2300000   -999.0000000      7.0000000
     0.3013518      0.3879950      0.2362307      9.8035235      3.5248677      0.6919635      3.5036661     -7.6453336      0.8097298      0.0107554      0.0756534      0.0174668      0.5307506      0.0264344      0.6958922      0.0034795      0.0084007      0.0112371      0.8510000      0.0150000      0.2830000      0.0016900      2.2445300      0.0375400   3106.0000000     30.0000000      0.3232000      0.0061000      0.0087580      0.0001800     -0.3000000   -999.0000000      7.0000000
     0.4996083      0.1402350      0.2677723      9.5345799      5.8696628      1.5346713      3.5528530     -7.5202704      0.7449368      0.0152914      0.0923644      0.0316658      0.5531328      0.0461867      0.8419765      0.0019519      0.0036764      0.0070915      0.7470000      0.0080000      0.1703600      0.0010000      3.0174400      0.0229600   3570.0000000     20.0000000      0.4713000      0.0060000      0.0324910      0.0004550      0.1000000      0.0800000      7.0000000
     0.8263085     -0.1586176      0.3005149      9.5450666     10.0659667      1.4701437      3.7319258     -6.7849941      0.7640694      0.0571410      0.1515441      0.0311104      0.5129240      0.0666864      0.5521254      0.0056018      0.0057587      0.0195502      0.7630000      0.0210000      0.0993300      0.0005300     16.4083000      0.1966000   5394.0000000     76.0000000      0.8190000      0.0240000      0.5197140      0.0083390     -0.0400000   -999.0000000      2.0000000
     0.7848775     -0.1853187      0.2952191      9.6110536      5.7550485      1.4755094      3.7201576     -6.4005424      1.2552224      0.0462207      0.1768424      0.0275060      0.5086907      0.0081781      0.5949825      0.0021441      0.0051462      0.0119123      1.2540000      0.0120000      0.1737700      0.0001800     39.8109000      0.4271600   5251.0000000     29.0000000      0.7780000      0.0080000      0.4120160      0.0045020     -0.3100000   -999.0000000      2.0000000
     0.5733894      0.0920038      0.2620334      9.5478169      7.0420669      1.5266942      3.5715440     -7.4748313      0.7201869      0.0191300      0.1569690      0.0332495      0.5809606      0.0419774      0.9441958      0.0020965      0.0051230      0.0071532      0.7220000      0.0080000      0.1418700      0.0006400      3.3480900      0.0360300   3727.0000000     23.0000000      0.5472000      0.0067000      0.0519850      0.0007300     -0.0600000   -999.0000000      7.0000000
     0.6879808     -0.0302359      0.2640550      9.5096390      3.4952192      1.3694428      3.6324276     -6.4491258      1.7749242      0.0319362      0.1897519      0.0328068      0.5239969      0.0087086      0.6889238      0.0017181      0.0053699      0.0123118      1.7750000      0.0130000      0.2860400      0.0005600     35.4910000      0.4440000   4289.0000000     21.0000000      0.6611000      0.0048000      0.1355580      0.0017770     -0.1900000   -999.0000000      7.0000000
     0.6115171     -0.0962529      0.2673022      9.5745045      3.4966701      1.4603216      3.6070401     -6.6525294      1.5775233      0.0233814      0.1741668      0.0327852      0.5807872      0.0090123      0.8222396      0.0025367      0.0040552      0.0185024      1.5810000      0.0220000      0.2860400      0.0005600     22.2523800      0.1923500   4044.0000000     29.0000000      0.6010000      0.0072000      0.0849930      0.0008070     -0.2200000   -999.0000000      7.0000000
     0.7397416     -0.0331311      0.2782649      9.7274947      3.6217075      1.2447068      3.6601604     -6.2878928      1.8793983      0.0364166      0.1987475      0.0348771      0.5243986      0.0049819      0.5935671      0.0028318      0.0081838      0.0168968      1.8810000      0.0170000      0.2760600      0.0002800     51.4025000      1.0280000   4570.0000000     31.0000000      0.7320000      0.0060000      0.2107840      0.0042370     -0.0700000   -999.0000000      3.0000000
     0.6026542      0.1946299      0.2690288      9.6128992     10.2016762      1.2774651      3.5723003     -7.7467396      0.5252115      0.0263777      0.0968750      0.0314146      0.5592545      0.2241275      0.8626235      0.0048566      0.0040368      0.0116855      0.5320000      0.0140000      0.0976100      0.0015300      1.7910800      0.0148100   3713.0000000     49.0000000      0.5863000      0.0179000      0.0587470      0.0019050      0.1700000      0.0800000      7.0000000
     0.3678577      0.3690482      0.2348941      9.8951131      4.6596353      0.6338950      3.5095769     -7.7169406      0.7254886      0.0127457      0.0564614      0.0077803      0.5363110      0.0560015      0.2059871      0.0027477      0.0040391      0.0092528      0.7460000      0.0090000      0.2132800      0.0021200      1.9156600      0.0151700   3189.0000000     20.0000000      0.3761000      0.0059000      0.0131610      0.0002820      0.1700000      0.0800000      7.0000000
     0.5805864      0.2233120      0.2774835      9.5135223      6.8440605      1.8538414      3.5709344     -7.4502865      0.7436838      0.0165511      0.1580721      0.0352237      0.5660628      0.0617988      0.8078260      0.0010645      0.0032686      0.0037243      0.7440000      0.0040000      0.1460900      0.0010000      3.5448500      0.0271500   3724.0000000     12.0000000      0.5477000      0.0048000      0.0519060      0.0008140      0.2100000   -999.0000000      7.0000000
     0.4784792     -0.0960334      0.2910293      9.3967276      3.2759036      1.6906900      3.5717638     -6.9626700      1.2984720      0.0149375      0.1576763      0.0339113      0.5586803      0.0095592      0.8698857      0.0047160      0.0076498      0.0277456      1.3040000      0.0320000      0.3052600      0.0007000     10.8945000      0.1680200   3724.0000000     48.0000000      0.4712000      0.0086000      0.0365370      0.0005880     -0.0600000   -999.0000000      7.0000000
     0.7824329     -0.0330043      0.2708327      9.6741023      6.5421043      1.3564157      3.6776420     -6.6799718      1.1059014      0.0372339      0.1779586      0.0358414      0.4916281      0.0176059      0.4058997      0.0016060      0.0024927      0.0071998      1.1060000      0.0070000      0.1527600      0.0002900     20.8979400      0.1220800   4759.0000000     17.0000000      0.7784000      0.0053000      0.2798630      0.0019500     -0.0500000   -999.0000000      2.0000000
     0.4294780      0.1604950      0.2427043      9.6078638      6.1611199      0.6757220      3.5274913     -7.7947701      0.6108048      0.0115654      0.0770008      0.0122833      0.5398646      0.0804986      0.5169897      0.0030696      0.0093309      0.0095189      0.6230000      0.0100000      0.1617600      0.0016600      1.5921600      0.0332500   3332.0000000     32.0000000      0.4139000      0.0076000      0.0190150      0.0005570      0.0300000      0.0800000      7.0000000
     0.1977824      0.3357493      0.2342057      9.6972821      3.1547162      0.6761192      3.4602844     -8.1164566      0.5741720      0.0083336      0.0363452      0.0100746      0.4942969      0.0096202      0.5984591      0.0038209      0.0090229      0.0103594      0.6080000      0.0080000      0.3167000      0.0007000      0.7589300      0.0118200   2802.0000000     21.0000000      0.2070000      0.0029000      0.0023650      0.0000380      0.2300000      0.0800000      7.0000000
     0.7754215     -0.2123733      0.2938416      9.5744784     16.8149401      1.3127107      3.7103960     -7.3654744      0.4317289      0.0497051      0.1871719      0.0330271      0.5533810      0.2265945      0.6508762      0.0058201      0.0095685      0.0120139      0.4330000      0.0140000      0.0594600      0.0005900      4.2998000      0.0860000   5123.0000000     87.0000000      0.7821000      0.0258000      0.3800670      0.0107080     -0.2800000   -999.0000000      2.0000000
