     0.7703963     -0.0462443      0.2647420      9.8068094      7.1819288      1.0555096      3.6717895     -6.7646376      1.0280136      0.0379076      0.2585851      0.2375795      0.4480780      0.0377380      0.3560389      0.0021904      0.0031667      0.0084340      1.0300000      0.0070000      0.1392700      0.0004500     17.1834000      0.1059100   4696.0000000     18.0000000      0.7949000      0.0062000      0.2768570      0.0024720     -0.2700000   -999.0000000      2.0000000
     0.8162668     -0.0943465      0.2914896      9.7428579     10.3504843      1.5483870      3.7092711     -6.9375355      0.7150441      0.0272405      0.1134810      0.4215510      0.4336610      0.0620824      0.2726354      0.0025925      0.0094773      0.0067039      0.7130000      0.0060000      0.0966000      0.0004000     11.5675000      0.2313500   5113.0000000     33.0000000      0.7935000      0.0072000      0.3873880      0.0083860      0.0800000   -999.0000000      3.0000000
     0.7997118     -0.1064670      0.2660485      9.5675843      3.2159779      1.9449903      3.7047705     -5.9907440      2.1611107      0.0333089      0.1656917      0.3451317      0.3678928      0.0022959      0.5067810      0.0029699      0.0061221      0.0341978      2.1480000      0.0290000      0.3109400      0.0001600    102.3041000      1.1903300   5080.0000000     37.0000000      0.7350000      0.0050000      0.3306750      0.0038620     -0.1600000   -999.0000000      2.0000000
     0.4139776     -0.1761320      0.3891259      9.3452795      3.5876996      2.0588209      3.5562097     -7.2464025      1.0057671      0.0065821      0.0816501      7.8675910      0.5493785      0.0148351      0.8083183      0.0012062      0.0038892      0.0052224      1.0050000      0.0050000      0.2787600      0.0007700      5.6687900      0.0454000   3603.0000000     12.0000000      0.3863000      0.0021000      0.0227980      0.0002220     -0.3000000   -999.0000000      7.0000000
     0.8119052     -0.1639218      0.2629997      9.7395492      4.9841741      1.5267218      3.7120221     -6.2780922      1.5058221      0.0420993      0.1479987      0.2757528      0.4813182      0.0087767      0.3928142      0.0018256      0.0062074      0.0068649      1.5040000      0.0060000      0.2006200      0.0002300     52.8799000      0.6227400   5148.0000000     18.0000000      0.8051000      0.0035000      0.4105850      0.0049260     -0.4400000   -999.0000000      2.0000000
     0.7099796      0.3466376      0.3569178      9.5756886     11.3519384      1.1800096      3.6146733     -7.5184598      0.5632178      0.0178820      0.1117918      2.1575973      0.5530633      0.1774445      0.6964431      0.0068750      0.0052185      0.0183044      0.5860000      0.0220000      0.0877800      0.0009700      3.0277100      0.0316900   4034.0000000     76.0000000      0.7176000      0.0280000      0.1227960      0.0030030      0.3900000      0.0800000      7.0000000
     0.4979193      0.1100955      0.2952364      9.3693107      9.3439383      1.7848649      3.5603590     -7.9015205      0.4637607      0.0161231      0.1091083      5.4775397      0.5698971      0.3311763      0.8663699      0.0050823      0.0047918      0.0111025      0.4540000      0.0190000      0.1078300      0.0028500      1.2537100      0.0111900   3676.0000000     77.0000000      0.4525000      0.0221000      0.0336960      0.0018060      0.1400000      0.0800000      7.0000000
     0.7785830      0.0140551      0.2686527      9.6830235      8.7041520      1.3918175      3.6805449     -6.9193168      0.8301536      0.0324753      0.1687514      0.3629547      0.5110500      0.0659205      0.4692522      0.0025140      0.0055128      0.0076449      0.8290000      0.0070000      0.1148400      0.0005000     12.0460000      0.1425900   4790.0000000     25.0000000      0.7759000      0.0073000      0.2854420      0.0041950      0.1400000   -999.0000000      2.0000000
     0.6094081      0.3276753      0.3166337      9.4074290      5.6595087      2.0176323      3.5825586     -7.1971369      0.9432145      0.0125583      0.1197465      3.1291144      0.4872563      0.0542549      0.7770843      0.0011568      0.0036137      0.0045020      0.9430000      0.0040000      0.1767700      0.0011800      6.3402100      0.0537100   3825.0000000     11.0000000      0.5735000      0.0044000      0.0634090      0.0010030      0.4900000   -999.0000000      7.0000000
     0.6343542      0.2206628      0.2940992      9.4085100     11.1937117      1.1508163      3.5934033     -7.6902627      0.5092991      0.0210253      0.1993063      1.7678888      0.5737681      0.2000635      0.9488263      0.0058194      0.0048868      0.0141403      0.5190000      0.0150000      0.0889700      0.0010200      2.0395100      0.0198000   3883.0000000     57.0000000      0.6266000      0.0193000      0.0805190      0.0020050      0.0500000   -999.0000000      7.0000000
     0.8029714     -0.2757437      0.2701868      9.7162682     16.7264894      1.2081820      3.7081454     -7.3152716      0.4645177      0.0378399      0.1726518      0.8580493      0.5102683      0.2107275      0.2391963      0.0044137      0.0150775      0.0049903      0.4650000      0.0040000      0.0596400      0.0005600      4.8194000      0.1445800   5087.0000000     44.0000000      0.8387000      0.0109000      0.4234280      0.0149860     -0.8300000   -999.0000000      2.0000000
     0.8821417     -0.1011305      0.2336472      9.7528897     12.4943684      1.4487923      3.7250153     -6.9235213      0.6742297      0.0474632      0.0459028      0.9530218      0.3946141      0.0813373      0.2520470      0.0064877      0.0107146      0.0145916      0.6740000      0.0140000      0.0800400      0.0003500     11.9156000      0.2383100   5298.0000000     61.0000000      0.9058000      0.0190000      0.5812500      0.0126880     -0.1100000      0.0300000      2.0000000
     0.6034565      0.0791970      0.0883326      9.4914552      6.1614034      1.8565516      3.5950856     -7.2153483      0.8711340      0.0246441      0.1902863      2.8947208      0.5551348      0.1309969      0.9067940      0.0035250      0.0051095      0.0143736      0.8710000      0.0150000      0.1621300      0.0023700      6.0882300      0.0590400   3940.0000000     35.0000000      0.5773000      0.0131000      0.0723810      0.0022290     -0.0400000   -999.0000000      7.0000000
     0.5903143      0.0000962      0.2786189      9.4676587      6.1573552      1.7266044      3.5960023     -7.2275336      0.8560143      0.0234591      0.1844799      3.3259102      0.5812397      0.1268215      0.8969098      0.0035245      0.0060069      0.0143070      0.8560000      0.0160000      0.1621300      0.0023700      5.9220000      0.0714100   3947.0000000     39.0000000      0.5673000      0.0137000      0.0704050      0.0022270     -0.0400000   -999.0000000      7.0000000
     0.7534266     -0.3216185      0.3544741      9.3524484      7.4537872      2.2003422      3.7040970     -6.7816329      0.8689442      0.0272588      0.1486835      4.3505500      0.4105375      0.0413876      0.5611365      0.0014751      0.0050339      0.0045150      0.8680000      0.0040000      0.1341400      0.0005100     16.5153000      0.1930700   5065.0000000     19.0000000      0.6954000      0.0041000      0.2868340      0.0040000     -0.4200000   -999.0000000      2.0000000
     0.6814887      0.2215625      0.1699640      9.5450651      4.8725182      2.0299646      3.6191705     -6.8240853      1.2240198      0.0224670      0.1623560      1.4853405      0.5161854      0.0183342      0.6885269      0.0015813      0.0036149      0.0084704      1.2250000      0.0080000      0.2052100      0.0005400     14.9496600      0.1221900   4159.0000000     16.0000000      0.6398000      0.0046000      0.1109420      0.0010780      0.2400000   -999.0000000      7.0000000
     0.4300793      0.3999040      0.3878027     10.0496595      4.6048488      0.5397083      3.5240864     -7.5177354      0.8526291      0.0093281      0.0170838      1.0470713      0.2571828      0.0872980      0.0621474      0.0012197      0.0059081      0.0052843      0.8740000      0.0050000      0.2046000      0.0028000      2.9402500      0.0353900   3279.0000000     14.0000000      0.4593000      0.0068000      0.0219500      0.0006560      0.1500000      0.0800000      7.0000000
     0.4106687      0.2745433      0.4241861      9.6001637      6.6533103      1.2825192      3.5334078     -7.8617460      0.5502223      0.0109920      0.1378460      3.2776665      0.5909720      0.1046549      0.9549349      0.0044476      0.0065386      0.0122235      0.5670000      0.0150000      0.1501000      0.0017000      1.3742000      0.0163700   3366.0000000     46.0000000      0.4060000      0.0117000      0.0190610      0.0004880     -0.1900000   -999.0000000      4.0000000
     0.4138358     -0.0457648      0.3991707      9.5488278      2.5462171      1.4086666      3.5502478     -6.9659286      1.4273345      0.0086236      0.1027333      4.8041789      0.5917015      0.0059574      0.9188853      0.0021529      0.0042343      0.0143384      1.4320000      0.0130000      0.3926400      0.0006700     10.8213000      0.0956700   3548.0000000     18.0000000      0.3924000      0.0033000      0.0219360      0.0002080     -0.3800000   -999.0000000      7.0000000
     0.4172361     -0.0985685      0.5089546      9.4247709      4.8439273      1.5677244      3.5520599     -7.5108976      0.7561271      0.0111799      0.1507282      4.6613984      0.6050467      0.0322334      0.9569806      0.0039709      0.0066236      0.0146610      0.7640000      0.0170000      0.2062700      0.0010000      3.0865900      0.0422600   3550.0000000     41.0000000      0.3982000      0.0091000      0.0226710      0.0003800     -0.3700000   -999.0000000      7.0000000
     0.4632067      0.2634552      0.0035946      9.5751630     10.0512200      1.3930769      3.5435871     -8.0815085      0.4079120      0.0180700      0.1636636      4.2997861      0.5681621      0.3252630      0.9931800      0.0053297      0.0057830      0.0107701      0.4170000      0.0130000      0.0986100      0.0023300      0.8276600      0.0093200   3458.0000000     55.0000000      0.4546000      0.0182000      0.0265990      0.0012920      0.0100000   -999.0000000      7.0000000
     0.7058164     -0.4260934      0.4100615      9.4124550      9.0940509      1.9631645      3.6890402     -7.0566954      0.6789223      0.0160644      0.0730674      1.7878629      0.4357910      0.0488622      0.5330916      0.0023221      0.0032110      0.0073362      0.6790000      0.0070000      0.1099900      0.0004100      8.7658000      0.0600000   4888.0000000     27.0000000      0.6784200      0.0054800      0.2264370      0.0022920     -1.2600000   -999.0000000      3.0000000
     0.7796911     -0.1371235      0.2872769      9.4858639     11.0500509      1.6734265      3.6951566     -7.1089702      0.6236981      0.0311903      0.1788794      0.7801340      0.5152101      0.1318888      0.5485281      0.0025214      0.0070213      0.0069648      0.6220000      0.0060000      0.0903200      0.0007400      7.7674000      0.1142000   4955.0000000     30.0000000      0.7405000      0.0094000      0.2975560      0.0065510     -0.2400000   -999.0000000      2.0000000
     0.5073780     -0.0482188      0.1975492      9.5905360      7.6535673      1.4327071      3.5704365     -7.6571953      0.5867519      0.0112842      0.1157691      4.2210307      0.5666643      0.0868884      0.9711990      0.0041835      0.0043098      0.0110539      0.5930000      0.0160000      0.1306200      0.0010500      2.2061400      0.0182200   3705.0000000     51.0000000      0.4882000      0.0315000      0.0404090      0.0007300     -0.0900000      0.0800000      7.0000000
     0.5056308      0.1009385      0.2614600      9.5612782      5.3880258      1.2049361      3.5605843     -7.3964606      0.8294719      0.0134890      0.1460849      5.0291304      0.5887375      0.0474792      0.9973196      0.0035038      0.0065166      0.0134628      0.8350000      0.0140000      0.1854900      0.0011000      4.0127200      0.0525100   3626.0000000     33.0000000      0.4840000      0.0084000      0.0364470      0.0006440     -0.3100000   -999.0000000      7.0000000
     0.8454446     -0.1860809      0.2769654      9.5260981      7.5589005      1.9364343      3.7276883     -6.5887372      0.9777076      0.0369066      0.1470913      0.2041214      0.5226125      0.0822677      0.3950273      0.0028375      0.0062613      0.0119566      0.9730000      0.0090000      0.1323800      0.0008200     25.8044000      0.3077000   5349.0000000     29.0000000      0.7910000      0.0080000      0.4601620      0.0079120     -0.9200000   -999.0000000      2.0000000
     0.1208974     -0.1082473      0.2561156      9.4660070      1.2965830      1.7216285      3.4801492     -7.5151207      1.0465089      0.0021170      0.2106839      4.6500943      0.5982561      0.0058910      0.9566437      0.0061491      0.0110818      0.0300698      1.0110000      0.0520000      0.7716400      0.0026000      3.0602000      0.0612000   3079.0000000     81.0000000      0.1410000      0.0070000      0.0016060      0.0000340      0.0000000   -999.0000000      5.0000000
     0.8552023     -0.1082561      0.2663393      9.6315446      1.3379862      1.4175502      3.7153588     -5.0669720      5.9997226      0.0463514      0.1445599      0.2208510      0.4948103      0.0034593      0.3681575      0.0028278      0.0121129      0.0280849      6.0000000      0.0210000      0.7471000      0.0012000    865.4461100     17.3089000   5184.0000000     27.0000000      0.8671500      0.0028700      0.4845560      0.0098150      0.2100000   -999.0000000      3.0000000
     0.8914935     -0.1465823      0.2738527      9.6380127      6.7106233      1.8618038      3.7445753     -6.3444937      1.2050113      0.0335917      0.0865022      0.1503925      0.3101019      0.0347168      0.3895408      0.0037936      0.0037470      0.0213252      1.1960000      0.0140000      0.1489800      0.0004800     45.3513900      0.2972900   5555.0000000     34.0000000      0.8627000      0.0107000      0.6385520      0.0058700     -0.1600000   -999.0000000      2.0000000
     0.7592698      0.0668129      0.2792085      9.5577250      5.8847886      1.3598309      3.6616384     -6.6983494      1.1683555      0.0360002      0.2548782      0.6665275      0.5083033      0.0468144      0.6531047      0.0058158      0.0033328      0.0319210      1.1770000      0.0300000      0.1698500      0.0008200     20.0192000      0.1329000   4564.0000000     59.0000000      0.7390000      0.0190000      0.2168590      0.0025410     -0.0600000   -999.0000000      3.0000000
     0.3094264     -0.1168942      0.2294934      9.4628705      6.2504349      1.9159864      3.5381731     -8.0167376      0.4499081      0.0107796      0.1575441      1.9018457      0.5878013      0.0800623      0.9031729      0.0046820      0.0035670      0.0095530      0.4460000      0.0140000      0.1601200      0.0013300      0.9608500      0.0076700   3471.0000000     55.0000000      0.2990000      0.0100000      0.0117120      0.0002160     -0.1500000   -999.0000000      7.0000000
     0.8917336     -0.1279084      0.2365600      9.7179378     17.5758465      1.8845977      3.7435307     -7.1702577      0.4704495      0.0456563      0.1194318      0.4516349      0.4303885      0.1685200      0.5954652      0.0102836      0.0115037      0.0192729      0.4590000      0.0170000      0.0569100      0.0003400      6.7864900      0.1357300   5577.0000000    107.0000000      0.8668000      0.0324000      0.6548310      0.0152560      0.3300000   -999.0000000      2.0000000
     0.3366647     -0.2555577      0.1890968      9.5820517      6.5135485      1.4856874      3.5441614     -7.9636443      0.4654398      0.0079853      0.0980690      3.8218214      0.5877793      0.0589829      0.9679741      0.0035051      0.0053666      0.0077782      0.4750000      0.0130000      0.1534600      0.0009900      1.0874100      0.0120100   3469.0000000     48.0000000      0.3328000      0.0093000      0.0144300      0.0002450     -0.3500000      0.0800000      7.0000000
     0.8488487     -0.1443831      0.2304858      9.4167363      9.7508873      2.2301430      3.7284514     -6.8273625      0.7368539      0.0280588      0.1175939      0.2441309      0.4354571      0.0618339      0.5527620      0.0044543      0.0033698      0.0172361      0.7240000      0.0110000      0.1025500      0.0004000     14.8801000      0.0900000   5404.0000000     42.0000000      0.7591000      0.0122000      0.4421770      0.0043650      0.0400000   -999.0000000      3.0000000
     0.5353935      0.1462599      0.2457138      9.7377578     10.2658425      0.7635607      3.5623178     -7.8866435      0.4677240      0.0145340      0.0938422      1.9210735      0.5952747      0.2079063      0.8341926      0.0046086      0.0051500      0.0105913      0.4840000      0.0120000      0.0966700      0.0013900      1.2984000      0.0128600   3592.0000000     45.0000000      0.5387000      0.0157000      0.0434200      0.0013210      0.0300000      0.0800000      7.0000000
     0.6777649      0.1881781      0.1233725      9.4343839      7.7018844      2.0143285      3.6196302     -7.2262951      0.7682932      0.0227827      0.1702020      1.8443290      0.5006027      0.0610160      0.7503068      0.0018626      0.0035766      0.0064723      0.7680000      0.0070000      0.1298600      0.0007300      5.9265400      0.0446000   4168.0000000     21.0000000      0.6359000      0.0071000      0.1098280      0.0014860      0.1900000   -999.0000000      7.0000000
     0.8302601     -0.1826868      0.2746583      9.5026852     12.8049173      1.6671541      3.7189301     -7.0835390      0.5774624      0.0293787      0.1533357      0.3716496      0.4769086      0.0743818      0.3663538      0.0043914      0.0066433      0.0119599      0.5730000      0.0100000      0.0781100      0.0003000      8.2539000      0.1000000   5242.0000000     48.0000000      0.7891000      0.0144000      0.4227730      0.0060650     -0.5200000   -999.0000000      2.0000000
     0.4343659      0.3268506      0.3677630      9.5515030      4.5278129      1.4801812      3.5354594     -7.4728748      0.8523247      0.0082603      0.1233294      6.4538685      0.5790518      0.0241395      0.9721443      0.0032298      0.0043097      0.0128999      0.8590000      0.0140000      0.2208400      0.0009400      3.3631300      0.0283100   3421.0000000     29.0000000      0.4183000      0.0070000      0.0215500      0.0002580      0.0500000   -999.0000000      7.0000000
     0.8125246     -0.1289351      0.2880794      9.8564881      7.5303759      1.6213451      3.7158010     -6.6172349      1.0020866      0.0355087      0.1148328      0.1728754      0.4125472      0.0475568      0.3488776      0.0016885      0.0066128      0.0045705      1.0000000      0.0040000      0.1327600      0.0005000     24.2500000      0.2825400   5195.0000000     18.0000000      0.8101000      0.0045000      0.4299700      0.0059650     -0.1400000   -999.0000000      2.0000000
     0.1660845     -0.1931581      0.1845701      9.4526736      1.8244788      1.8628397      3.5077558     -7.4864643      0.9529546      0.0015903      0.0840572      3.6287027      0.5555159      0.0068679      0.9134062      0.0015406      0.0071538      0.0062566      0.9520000      0.0050000      0.5483100      0.0015100      3.2629200      0.0565900   3225.0000000     16.0000000      0.1869000      0.0012000      0.0033920      0.0000620     -0.4000000   -999.0000000      7.0000000
     0.8464025     -0.1456695      0.2518785      9.7092696      5.1028345      1.7906830      3.7310238     -6.1976820      1.5163568      0.0371576      0.1250405      0.1789847      0.3821515      0.0337234      0.4375364      0.0036091      0.0145436      0.0053484      1.5150000      0.0050000      0.1959600      0.0008700     64.3329600      1.8793900   5386.0000000     40.0000000      0.8310000      0.0044000      0.5235520      0.0159860     -0.0100000   -999.0000000      2.0000000
     0.7062105     -0.0075696      0.5901943      9.4364009      5.1054707      1.8600831      3.6479625     -6.7115329      1.2214860      0.0350760      0.2170946      3.7037952      0.5470045      0.0299180      0.7665036      0.0029072      0.0097740      0.0147977      1.2210000      0.0150000      0.1959600      0.0008700     19.4020000      0.4120000   4446.0000000     36.0000000      0.6697000      0.0089000      0.1578970      0.0036340     -0.1200000   -999.0000000      2.0000000
     0.8071092     -0.0849631      0.2693922      9.5546095     11.0185656      1.4170122      3.7003590     -7.0327837      0.6671275      0.0327008      0.1299102      0.1475413      0.4336043      0.0620306      0.2808702      0.0024818      0.0033176      0.0069333      0.6660000      0.0060000      0.0907100      0.0003000      9.2785000      0.0594400   5006.0000000     24.0000000      0.7897000      0.0077000      0.3523940      0.0032450     -0.3300000   -999.0000000      2.0000000
     0.8465834     -0.1859860      0.2787714      9.5116449      3.6503181      1.6778186      3.7300021     -5.9223372      2.0975995      0.0344580      0.1590871      0.3561918      0.4852592      0.0035334      0.4430898      0.0041412      0.0062645      0.0367606      2.0780000      0.0310000      0.2739600      0.0001700    119.8023000      1.3945000   5373.0000000     43.0000000      0.8153900      0.0121700      0.4988300      0.0058390     -0.6000000   -999.0000000      2.0000000
     0.3652717      0.1835315      0.3779676      9.5038110      3.5330664      1.4228573      3.5314427     -7.4091444      0.9341976      0.0076364      0.0881802      3.4652577      0.5762511      0.0288354      0.9756647      0.0021240      0.0057987      0.0089655      0.9370000      0.0080000      0.2830000      0.0016900      3.8975100      0.0449000   3398.0000000     17.0000000      0.3561000      0.0039000      0.0152080      0.0002520     -0.2300000   -999.0000000      7.0000000
     0.2859745      0.4116947      0.2113571      9.8802705      3.5248535      0.7065173      3.5085349     -7.6419480      0.7940071      0.0103323      0.0609826      1.0677760      0.5655922      0.0277586      0.7055339      0.0021838      0.0094478      0.0093638      0.8510000      0.0150000      0.2830000      0.0016900      2.2445300      0.0375400   3106.0000000     30.0000000      0.3232000      0.0061000      0.0087580      0.0001800     -0.3000000   -999.0000000      7.0000000
     0.4946553      0.1975098      0.1723331      9.6368143      5.8627792      1.3514970      3.5534986     -7.5201214      0.7437772      0.0100194      0.0951155      2.4822688      0.5709838      0.0457435      0.9437677      0.0021893      0.0040263      0.0078232      0.7470000      0.0080000      0.1703600      0.0010000      3.0174400      0.0229600   3570.0000000     20.0000000      0.4713000      0.0060000      0.0324910      0.0004550      0.1000000      0.0800000      7.0000000
     0.8594913     -0.1384717      0.2650286      9.6630405     10.0546445      1.8156845      3.7306762     -6.7852922      0.7741088      0.0422478      0.1016745      0.4068799      0.4867489      0.0863473      0.5098063      0.0067085      0.0064305      0.0238931      0.7630000      0.0210000      0.0993300      0.0005300     16.4083000      0.1966000   5394.0000000     76.0000000      0.8190000      0.0240000      0.5197140      0.0083390     -0.0400000   -999.0000000      2.0000000
     0.8222978     -0.1620265      0.2378842      9.6119224      5.7529294      1.8783009      3.7197398     -6.4001275      1.2578682      0.0382150      0.1825626      0.2627427      0.4375103      0.0096447      0.4306659      0.0034996      0.0057379      0.0193915      1.2540000      0.0120000      0.1737700      0.0001800     39.8109000      0.4271600   5251.0000000     29.0000000      0.7780000      0.0080000      0.4120160      0.0045020     -0.3100000   -999.0000000      2.0000000
     0.5712928      0.2416202      0.4298164      9.6060520      7.0433294      1.4758060      3.5717975     -7.4743781      0.7207451      0.0144148      0.1418877      2.8794240      0.5525914      0.0472841      0.9473425      0.0024954      0.0051645      0.0081029      0.7220000      0.0080000      0.1418700      0.0006400      3.3480900      0.0360300   3727.0000000     23.0000000      0.5472000      0.0067000      0.0519850      0.0007300     -0.0600000   -999.0000000      7.0000000
     0.6913366      0.0789292      0.3064244      9.6326701      3.4952405      1.6120775      3.6323418     -6.4488496      1.7747848      0.0307183      0.2038269      1.6645768      0.5425292      0.0098442      0.7513393      0.0020599      0.0060738      0.0140852      1.7750000      0.0130000      0.2860400      0.0005600     35.4910000      0.4440000   4289.0000000     21.0000000      0.6611000      0.0048000      0.1355580      0.0017770     -0.1900000   -999.0000000      7.0000000
     0.6164682     -0.0104980      0.6164639      9.5148190      3.4955263      1.5720101      3.6070679     -6.6520015      1.5793113      0.0246110      0.1871747      7.1354245      0.5279327      0.0101593      0.9064805      0.0029794      0.0041046      0.0220041      1.5810000      0.0220000      0.2860400      0.0005600     22.2523800      0.1923500   4044.0000000     29.0000000      0.6010000      0.0072000      0.0849930      0.0008070     -0.2200000   -999.0000000      7.0000000
     0.7553964      0.0743079      0.1911011      9.6768079      3.6225941      1.4228530      3.6600710     -6.2881041      1.8830134      0.0329275      0.2145270      1.1031165      0.5804361      0.0055927      0.5626376      0.0029072      0.0095065      0.0189118      1.8810000      0.0170000      0.2760600      0.0002800     51.4025000      1.0280000   4570.0000000     31.0000000      0.7320000      0.0060000      0.2107840      0.0042370     -0.0700000   -999.0000000      3.0000000
     0.5882559      0.2281055      0.3287755      9.6380632     10.1620103      0.9943997      3.5733591     -7.7469247      0.5221495      0.0150742      0.1068319      1.3228558      0.5884593      0.2379278      0.8917479      0.0051059      0.0040490      0.0122783      0.5320000      0.0140000      0.0976100      0.0015300      1.7910800      0.0148100   3713.0000000     49.0000000      0.5863000      0.0179000      0.0587470      0.0019050      0.1700000      0.0800000      7.0000000
     0.3526536      0.3961049      0.2207679      9.8437828      4.6449446      0.5706382      3.5147179     -7.7140890      0.7100824      0.0086037      0.0446920      1.7885648      0.4015323      0.0646552      0.1918529      0.0016699      0.0042764      0.0059042      0.7460000      0.0090000      0.2132800      0.0021200      1.9156600      0.0151700   3189.0000000     20.0000000      0.3761000      0.0059000      0.0131610      0.0002820      0.1700000      0.0800000      7.0000000
     0.5757619      0.3058835      0.2475949      9.5620860      6.8428678      1.7733677      3.5709455     -7.4498582      0.7439759      0.0117655      0.1223429      1.5663690      0.5334419      0.0733333      0.8878498      0.0012921      0.0035647      0.0040960      0.7440000      0.0040000      0.1460900      0.0010000      3.5448500      0.0271500   3724.0000000     12.0000000      0.5477000      0.0048000      0.0519060      0.0008140      0.2100000   -999.0000000      7.0000000
     0.4872916     -0.1180479      0.4280667      9.4416409      3.2770108      2.0390576      3.5700944     -6.9630962      1.3059376      0.0135274      0.1470824      9.6545399      0.5892235      0.0102440      0.9018514      0.0042979      0.0083919      0.0250651      1.3040000      0.0320000      0.3052600      0.0007000     10.8945000      0.1680200   3724.0000000     48.0000000      0.4712000      0.0086000      0.0365370      0.0005880     -0.0600000   -999.0000000      7.0000000
     0.7848449      0.0390511      0.2906360      9.6325676      6.5418973      1.3182981      3.6778037     -6.6800988      1.1060933      0.0330509      0.1746372      0.1056152      0.5072430      0.0202276      0.3898337      0.0018605      0.0030134      0.0082825      1.1060000      0.0070000      0.1527600      0.0002900     20.8979400      0.1220800   4759.0000000     17.0000000      0.7784000      0.0053000      0.2798630      0.0019500     -0.0500000   -999.0000000      2.0000000
     0.4129895      0.2662755      0.1946686      9.7416508      6.1531365      0.6261732      3.5306031     -7.7918725      0.6033301      0.0112577      0.0807283      3.5532462      0.5323820      0.0856975      0.7776677      0.0034286      0.0112038      0.0108087      0.6230000      0.0100000      0.1617600      0.0016600      1.5921600      0.0332500   3332.0000000     32.0000000      0.4139000      0.0076000      0.0190150      0.0005570      0.0300000      0.0800000      7.0000000
     0.1565325      0.4017401      0.2265241      9.5372164      3.1527377      0.8723927      3.4749665     -8.1098822      0.5406919      0.0031040      0.0373611      0.9281720      0.5663140      0.0097893      0.4290024      0.0016186      0.0084565      0.0044293      0.6080000      0.0080000      0.3167000      0.0007000      0.7589300      0.0118200   2802.0000000     21.0000000      0.2070000      0.0029000      0.0023650      0.0000380      0.2300000      0.0800000      7.0000000
     0.8089509     -0.1677125      0.3069753      9.6605359     16.7826655      1.7306462      3.7105187     -7.3677069      0.4321283      0.0399078      0.1808410      0.6220659      0.5115926      0.2580022      0.6841921      0.0078049      0.0105606      0.0144352      0.4330000      0.0140000      0.0594600      0.0005900      4.2998000      0.0860000   5123.0000000     87.0000000      0.7821000      0.0258000      0.3800670      0.0107080     -0.2800000   -999.0000000      2.0000000
