     0.7701936      0.0271019      0.2766208     10.0167559      7.1975072      0.9455143      3.6720319     -6.7643889      1.0274450      0.0381485      0.2593540      0.2261871      0.4486138      0.0384690      0.3545285      0.0021368      0.0033014      0.0084174      1.0300000      0.0070000      0.1392700      0.0004500     17.1834000      0.1059100   4696.0000000     18.0000000      0.7949000      0.0062000      0.2768570      0.0024720     -0.2700000   -999.0000000      2.0000000
     0.8130439     -0.0697184      0.2883930      9.8381119     10.3334248      1.5108286      3.7097414     -6.9353077      0.7150528      0.0281514      0.1124883      0.3952874      0.4389113      0.0653567      0.2665541      0.0026569      0.0092636      0.0068767      0.7130000      0.0060000      0.0966000      0.0004000     11.5675000      0.2313500   5113.0000000     33.0000000      0.7935000      0.0072000      0.3873880      0.0083860      0.0800000   -999.0000000      3.0000000
     0.8082185     -0.0747544      0.2906923      9.7506253      3.2169800      1.6691758      3.7041208     -5.9908360      2.1704818      0.0332440      0.1694618      0.3201107      0.3682048      0.0022484      0.4993810      0.0030557      0.0061385      0.0337119      2.1480000      0.0290000      0.3109400      0.0001600    102.3041000      1.1903300   5080.0000000     37.0000000      0.7350000      0.0050000      0.3306750      0.0038620     -0.1600000   -999.0000000      2.0000000
     0.4161527     -0.1261645      0.3448361      8.9154469      3.5868835      2.7257416      3.5567057     -7.2461382      1.0023007      0.0066135      0.0817426      6.8718977      0.5353869      0.0151739      0.8035137      0.0011776      0.0036902      0.0051442      1.0050000      0.0050000      0.2787600      0.0007700      5.6687900      0.0454000   3603.0000000     12.0000000      0.3863000      0.0021000      0.0227980      0.0002220     -0.3000000   -999.0000000      7.0000000
     0.8077671     -0.1285732      0.2595323      9.9729783      4.9827059      1.4960108      3.7126728     -6.2774067      1.5060312      0.0421819      0.1462918      0.2538912      0.4804804      0.0088370      0.3925897      0.0018013      0.0068689      0.0074908      1.5040000      0.0060000      0.2006200      0.0002300     52.8799000      0.6227400   5148.0000000     18.0000000      0.8051000      0.0035000      0.4105850      0.0049260     -0.4400000   -999.0000000      2.0000000
     0.7153510      0.4175588      0.3320281      9.9212761     11.3736539      1.0903891      3.6138512     -7.5178663      0.5661227      0.0181190      0.1083950      1.8592065      0.5494106      0.1732709      0.6941259      0.0067671      0.0055049      0.0180676      0.5860000      0.0220000      0.0877800      0.0009700      3.0277100      0.0316900   4034.0000000     76.0000000      0.7176000      0.0280000      0.1227960      0.0030030      0.3900000      0.0800000      7.0000000
     0.4979151      0.1174959     -0.0301299      8.9538803      9.2188529      1.4219897      3.5598929     -7.9013609      0.4621792      0.0157975      0.1088807      4.6794388      0.5653642      0.3134110      0.8516169      0.0048770      0.0047680      0.0109281      0.4540000      0.0190000      0.1078300      0.0028500      1.2537100      0.0111900   3676.0000000     77.0000000      0.4525000      0.0221000      0.0336960      0.0018060      0.1400000      0.0800000      7.0000000
     0.7701249      0.0795417      0.2695665     10.0742033      8.7244039      1.2129350      3.6807427     -6.9207030      0.8310653      0.0327273      0.1667219      0.3200245      0.5066261      0.0637880      0.4719792      0.0024177      0.0057244      0.0076149      0.8290000      0.0070000      0.1148400      0.0005000     12.0460000      0.1425900   4790.0000000     25.0000000      0.7759000      0.0073000      0.2854420      0.0041950      0.1400000   -999.0000000      2.0000000
     0.6144117      0.3396245      0.4026205      9.7315424      5.6752425      2.7015466      3.5822442     -7.1982312      0.9440828      0.0126696      0.1172064      2.8200545      0.4898468      0.0535427      0.7839102      0.0010954      0.0036052      0.0044194      0.9430000      0.0040000      0.1767700      0.0011800      6.3402100      0.0537100   3825.0000000     11.0000000      0.5735000      0.0044000      0.0634090      0.0010030      0.4900000   -999.0000000      7.0000000
     0.6396144      0.2445979      0.3838649      8.9777084     11.2002215      0.8135234      3.5943120     -7.6912586      0.5109528      0.0210306      0.2025575      1.5457610      0.5699712      0.1968083      0.9364925      0.0057850      0.0048327      0.0140114      0.5190000      0.0150000      0.0889700      0.0010200      2.0395100      0.0198000   3883.0000000     57.0000000      0.6266000      0.0193000      0.0805190      0.0020050      0.0500000   -999.0000000      7.0000000
     0.8035195     -0.4146274      0.3223811     10.0178908     16.8399789      1.1476040      3.7093132     -7.3101163      0.4644166      0.0378968      0.1719408      0.8297152      0.5140460      0.2100497      0.2460567      0.0044048      0.0150236      0.0048826      0.4650000      0.0040000      0.0596400      0.0005600      4.8194000      0.1445800   5087.0000000     44.0000000      0.8387000      0.0109000      0.4234280      0.0149860     -0.8300000   -999.0000000      2.0000000
     0.8957001     -0.1000839      0.2799819     10.0155370     12.4952370      1.4007602      3.7241501     -6.9234207      0.6737372      0.0489882      0.0463772      0.8251056      0.3977116      0.0805085      0.2517773      0.0067393      0.0104816      0.0156560      0.6740000      0.0140000      0.0800400      0.0003500     11.9156000      0.2383100   5298.0000000     61.0000000      0.9058000      0.0190000      0.5812500      0.0126880     -0.1100000      0.0300000      2.0000000
     0.6057144      0.1074760      0.1754352      9.9128705      6.1254038      2.5166113      3.5949094     -7.2155702      0.8736553      0.0255951      0.1940201      2.6626313      0.5545126      0.1289731      0.8836901      0.0036077      0.0047850      0.0138532      0.8710000      0.0150000      0.1621300      0.0023700      6.0882300      0.0590400   3940.0000000     35.0000000      0.5773000      0.0131000      0.0723810      0.0022290     -0.0400000   -999.0000000      7.0000000
     0.5887441      0.0049625      0.3854681      8.9398387      6.0988684      1.0494513      3.5955172     -7.2288741      0.8543029      0.0244088      0.1853678      2.9794633      0.5735115      0.1233301      0.8860113      0.0037560      0.0061455      0.0147750      0.8560000      0.0160000      0.1621300      0.0023700      5.9220000      0.0714100   3947.0000000     39.0000000      0.5673000      0.0137000      0.0704050      0.0022270     -0.0400000   -999.0000000      7.0000000
     0.7487321     -0.4128463      0.3194550      9.4906527      7.4539753      1.7645425      3.7036510     -6.7803662      0.8697575      0.0271813      0.1488385      3.5797527      0.4010505      0.0412099      0.5435924      0.0014026      0.0050589      0.0045887      0.8680000      0.0040000      0.1341400      0.0005100     16.5153000      0.1930700   5065.0000000     19.0000000      0.6954000      0.0041000      0.2868340      0.0040000     -0.4200000   -999.0000000      2.0000000
     0.6896299      0.2240288      0.1582249      9.7918506      4.8685374      2.1816883      3.6192910     -6.8238960      1.2219424      0.0222902      0.1533298      1.2662521      0.5164348      0.0174784      0.6731973      0.0015571      0.0036266      0.0082260      1.2250000      0.0080000      0.2052100      0.0005400     14.9496600      0.1221900   4159.0000000     16.0000000      0.6398000      0.0046000      0.1109420      0.0010780      0.2400000   -999.0000000      7.0000000
     0.4329084      0.3991475      0.3368883     10.1223098      4.5955826      0.5502487      3.5237106     -7.5165480      0.8523539      0.0093005      0.0167626      0.9539515      0.2568551      0.0912927      0.0605320      0.0012185      0.0056316      0.0052693      0.8740000      0.0050000      0.2046000      0.0028000      2.9402500      0.0353900   3279.0000000     14.0000000      0.4593000      0.0068000      0.0219500      0.0006560      0.1500000      0.0800000      7.0000000
     0.4112157      0.3056287      0.4070282     10.0211655      6.6478534      0.7324369      3.5328090     -7.8618253      0.5476918      0.0110021      0.1329197      2.9817062      0.6029072      0.1051593      0.9684683      0.0046486      0.0065975      0.0127025      0.5670000      0.0150000      0.1501000      0.0017000      1.3742000      0.0163700   3366.0000000     46.0000000      0.4060000      0.0117000      0.0190610      0.0004880     -0.1900000   -999.0000000      4.0000000
     0.4196479     -0.0116982      0.6485696     10.0106548      2.5433462      0.9504895      3.5505398     -6.9644526      1.4255129      0.0085649      0.1007621      4.2347463      0.6141738      0.0059485      0.9147583      0.0021389      0.0042030      0.0147976      1.4320000      0.0130000      0.3926400      0.0006700     10.8213000      0.0956700   3548.0000000     18.0000000      0.3924000      0.0033000      0.0219360      0.0002080     -0.3800000   -999.0000000      7.0000000
     0.4164553     -0.0384958      0.5972846     10.0117149      4.8528535      0.7842775      3.5543485     -7.5106820      0.7531220      0.0112116      0.1495457      3.6459889      0.5996627      0.0321112      0.9460278      0.0038976      0.0067640      0.0151589      0.7640000      0.0170000      0.2062700      0.0010000      3.0865900      0.0422600   3550.0000000     41.0000000      0.3982000      0.0091000      0.0226710      0.0003800     -0.3700000   -999.0000000      7.0000000
     0.4613656      0.3121732      0.0828917     10.0102089     10.0307421      0.7857043      3.5423415     -8.0806436      0.4104005      0.0187523      0.1625987      4.1111005      0.5785667      0.3480745      0.9862072      0.0055251      0.0062100      0.0109678      0.4170000      0.0130000      0.0986100      0.0023300      0.8276600      0.0093200   3458.0000000     55.0000000      0.4546000      0.0182000      0.0265990      0.0012920      0.0100000   -999.0000000      7.0000000
     0.7073812     -0.4599987      0.5060249      9.6782728      9.1025682      1.6444519      3.6889134     -7.0565139      0.6776509      0.0163003      0.0728411      1.6160785      0.4206227      0.0476989      0.5340612      0.0021304      0.0035257      0.0071855      0.6790000      0.0070000      0.1099900      0.0004100      8.7658000      0.0600000   4888.0000000     27.0000000      0.6784200      0.0054800      0.2264370      0.0022920     -1.2600000   -999.0000000      3.0000000
     0.7878405     -0.1143486      0.2859640      9.8173602     11.0211764      1.5422435      3.6955631     -7.1100154      0.6236033      0.0302827      0.1679125      0.6906059      0.5098943      0.1331420      0.5257161      0.0024997      0.0073059      0.0070907      0.6220000      0.0060000      0.0903200      0.0007400      7.7674000      0.1142000   4955.0000000     30.0000000      0.7405000      0.0094000      0.2975560      0.0065510     -0.2400000   -999.0000000      2.0000000
     0.5093676     -0.0188833      0.0692667      9.9083873      7.6586677      0.9152022      3.5692612     -7.6559514      0.5898913      0.0110154      0.1101514      3.4467344      0.5543716      0.0860666      0.9239088      0.0040731      0.0039846      0.0111050      0.5930000      0.0160000      0.1306200      0.0010500      2.2061400      0.0182200   3705.0000000     51.0000000      0.4882000      0.0315000      0.0404090      0.0007300     -0.0900000      0.0800000      7.0000000
     0.5128949      0.1171372      0.1032645      9.9711763      5.3942472      0.7651035      3.5591625     -7.3988428      0.8325425      0.0133779      0.1490945      4.8261441      0.5944964      0.0487372      1.0202119      0.0034858      0.0067191      0.0136612      0.8350000      0.0140000      0.1854900      0.0011000      4.0127200      0.0525100   3626.0000000     33.0000000      0.4840000      0.0084000      0.0364470      0.0006440     -0.3100000   -999.0000000      7.0000000
     0.8582228     -0.1679950      0.2866473      9.8763091      7.5361074      1.9100267      3.7282400     -6.5889868      0.9780240      0.0366235      0.1475304      0.1856719      0.5171659      0.0806218      0.3809699      0.0029036      0.0067076      0.0116260      0.9730000      0.0090000      0.1323800      0.0008200     25.8044000      0.3077000   5349.0000000     29.0000000      0.7910000      0.0080000      0.4601620      0.0079120     -0.9200000   -999.0000000      2.0000000
     0.1199127     -0.1263847      0.3466985      9.9810443      1.2976159      1.0521758      3.4806551     -7.5173454      1.0426217      0.0021228      0.2119817      4.0989057      0.5808697      0.0062956      0.9288616      0.0057065      0.0105433      0.0295307      1.0110000      0.0520000      0.7716400      0.0026000      3.0602000      0.0612000   3079.0000000     81.0000000      0.1410000      0.0070000      0.0016060      0.0000340      0.0000000   -999.0000000      5.0000000
     0.8770428     -0.1127180      0.2572437     10.0506560      1.3377231      1.3822447      3.7157425     -5.0672399      6.0031806      0.0465874      0.1399530      0.2047291      0.5028703      0.0033543      0.3649154      0.0027192      0.0118672      0.0287498      6.0000000      0.0210000      0.7471000      0.0012000    865.4461100     17.3089000   5184.0000000     27.0000000      0.8671500      0.0028700      0.4845560      0.0098150      0.2100000   -999.0000000      3.0000000
     0.8906754     -0.1367754      0.2891403      9.7559595      6.7215953      1.8337171      3.7450815     -6.3438409      1.2047635      0.0335553      0.0865279      0.1404505      0.3095144      0.0346457      0.3889313      0.0041605      0.0038997      0.0213146      1.1960000      0.0140000      0.1489800      0.0004800     45.3513900      0.2972900   5555.0000000     34.0000000      0.8627000      0.0107000      0.6385520      0.0058700     -0.1600000   -999.0000000      2.0000000
     0.7642269      0.1114412      0.2794649      9.7620488      5.8830485      1.0774227      3.6616004     -6.6988923      1.1716172      0.0357886      0.2520384      0.6307751      0.5122147      0.0477943      0.6525676      0.0060716      0.0034614      0.0310434      1.1770000      0.0300000      0.1698500      0.0008200     20.0192000      0.1329000   4564.0000000     59.0000000      0.7390000      0.0190000      0.2168590      0.0025410     -0.0600000   -999.0000000      3.0000000
     0.3152048     -0.0792505      0.2669344      9.9753220      6.2685797      2.6167852      3.5385449     -8.0157536      0.4497819      0.0108923      0.1602781      1.6109063      0.5744522      0.0774968      0.8944196      0.0049217      0.0035434      0.0098466      0.4460000      0.0140000      0.1601200      0.0013300      0.9608500      0.0076700   3471.0000000     55.0000000      0.2990000      0.0100000      0.0117120      0.0002160     -0.1500000   -999.0000000      7.0000000
     0.8880506     -0.1213106      0.2385765      9.8309194     17.5996446      1.5283073      3.7469871     -7.1688202      0.4726525      0.0453646      0.1304838      0.3997063      0.4262212      0.1600783      0.5973389      0.0104550      0.0110543      0.0195802      0.4590000      0.0170000      0.0569100      0.0003400      6.7864900      0.1357300   5577.0000000    107.0000000      0.8668000      0.0324000      0.6548310      0.0152560      0.3300000   -999.0000000      2.0000000
     0.3362888     -0.2447883      0.2620567     10.0207011      6.5013322      0.7721443      3.5439958     -7.9628416      0.4661236      0.0080772      0.0939318      3.7004191      0.5727106      0.0590096      0.9638695      0.0033793      0.0054242      0.0076397      0.4750000      0.0130000      0.1534600      0.0009900      1.0874100      0.0120100   3469.0000000     48.0000000      0.3328000      0.0093000      0.0144300      0.0002450     -0.3500000      0.0800000      7.0000000
     0.8517613     -0.1409603      0.2313697      9.4672922      9.7463575      2.2059106      3.7287497     -6.8270908      0.7348133      0.0270855      0.1179036      0.2254470      0.4406914      0.0623784      0.5450739      0.0043587      0.0034757      0.0175176      0.7240000      0.0110000      0.1025500      0.0004000     14.8801000      0.0900000   5404.0000000     42.0000000      0.7591000      0.0122000      0.4421770      0.0043650      0.0400000   -999.0000000      3.0000000
     0.5360079      0.1335150      0.4205082     10.0481252     10.2012601      0.6621917      3.5620311     -7.8870872      0.4677235      0.0138648      0.0932770      1.8461591      0.5830957      0.2054923      0.8515245      0.0046558      0.0051732      0.0107198      0.4840000      0.0120000      0.0966700      0.0013900      1.2984000      0.0128600   3592.0000000     45.0000000      0.5387000      0.0157000      0.0434200      0.0013210      0.0300000      0.0800000      7.0000000
     0.6888015      0.2310059      0.1801002      9.6121364      7.6979537      2.6841852      3.6190222     -7.2241541      0.7681226      0.0225251      0.1687241      1.6341805      0.4820753      0.0631371      0.7522309      0.0018044      0.0035822      0.0065312      0.7680000      0.0070000      0.1298600      0.0007300      5.9265400      0.0446000   4168.0000000     21.0000000      0.6359000      0.0071000      0.1098280      0.0014860      0.1900000   -999.0000000      7.0000000
     0.8493388     -0.1567811      0.2750060      9.6862207     12.8240588      1.6247530      3.7189147     -7.0817998      0.5788522      0.0299857      0.1542571      0.3496588      0.4913253      0.0757227      0.3889836      0.0045340      0.0069687      0.0119517      0.5730000      0.0100000      0.0781100      0.0003000      8.2539000      0.1000000   5242.0000000     48.0000000      0.7891000      0.0144000      0.4227730      0.0060650     -0.5200000   -999.0000000      2.0000000
     0.4336003      0.3264436      0.1556990     10.0104255      4.5319012      0.7969807      3.5353413     -7.4725486      0.8528600      0.0081921      0.1265373      5.2087486      0.5787451      0.0239853      0.9629930      0.0033560      0.0041287      0.0130950      0.8590000      0.0140000      0.2208400      0.0009400      3.3631300      0.0283100   3421.0000000     29.0000000      0.4183000      0.0070000      0.0215500      0.0002580      0.0500000   -999.0000000      7.0000000
     0.8071812     -0.1088970      0.2792385      9.9828389      7.5469476      1.5505891      3.7157789     -6.6172240      1.0019508      0.0346150      0.1153376      0.1572203      0.4126542      0.0484933      0.3418464      0.0017183      0.0067755      0.0049681      1.0000000      0.0040000      0.1327600      0.0005000     24.2500000      0.2825400   5195.0000000     18.0000000      0.8101000      0.0045000      0.4299700      0.0059650     -0.1400000   -999.0000000      2.0000000
     0.1663772     -0.2349468      0.0437751      8.9259977      1.8262477      2.6558260      3.5078620     -7.4887050      0.9537786      0.0015245      0.0837512      3.3269154      0.5528170      0.0069103      0.9054864      0.0014910      0.0072393      0.0060088      0.9520000      0.0050000      0.5483100      0.0015100      3.2629200      0.0565900   3225.0000000     16.0000000      0.1869000      0.0012000      0.0033920      0.0000620     -0.4000000   -999.0000000      7.0000000
     0.8397935     -0.1278844      0.2539865      9.8802336      5.1043254      1.7034499      3.7312469     -6.1955586      1.5169456      0.0370810      0.1234361      0.1706605      0.3760588      0.0343993      0.4143567      0.0036550      0.0145761      0.0059412      1.5150000      0.0050000      0.1959600      0.0008700     64.3329600      1.8793900   5386.0000000     40.0000000      0.8310000      0.0044000      0.5235520      0.0159860     -0.0100000   -999.0000000      2.0000000
     0.7168372      0.0008977      0.7081569      9.0022677      5.1075063      1.3186931      3.6492789     -6.7109673      1.2223733      0.0339810      0.2045645      3.0683496      0.5398801      0.0298457      0.7609768      0.0028765      0.0092366      0.0155671      1.2210000      0.0150000      0.1959600      0.0008700     19.4020000      0.4120000   4446.0000000     36.0000000      0.6697000      0.0089000      0.1578970      0.0036340     -0.1200000   -999.0000000      2.0000000
     0.8113135     -0.0522112      0.2686782      9.5359898     11.0108637      1.3946362      3.7005434     -7.0323176      0.6664022      0.0323185      0.1299492      0.1321974      0.4239359      0.0610925      0.2759968      0.0022428      0.0034867      0.0067947      0.6660000      0.0060000      0.0907100      0.0003000      9.2785000      0.0594400   5006.0000000     24.0000000      0.7897000      0.0077000      0.3523940      0.0032450     -0.3300000   -999.0000000      2.0000000
     0.8396009     -0.1518706      0.2896786      9.8087817      3.6502963      1.5273049      3.7305508     -5.9218764      2.1025071      0.0340825      0.1570706      0.3155966      0.4857064      0.0037650      0.4500785      0.0040828      0.0062602      0.0363322      2.0780000      0.0310000      0.2739600      0.0001700    119.8023000      1.3945000   5373.0000000     43.0000000      0.8153900      0.0121700      0.4988300      0.0058390     -0.6000000   -999.0000000      2.0000000
     0.3644385      0.2312848      0.4764361     10.0187346      3.5382696      0.8613826      3.5315564     -7.4096224      0.9342299      0.0072820      0.0900196      2.9782936      0.5619800      0.0284336      0.9755804      0.0020970      0.0058385      0.0095095      0.9370000      0.0080000      0.2830000      0.0016900      3.8975100      0.0449000   3398.0000000     17.0000000      0.3561000      0.0039000      0.0152080      0.0002520     -0.2300000   -999.0000000      7.0000000
     0.2822435      0.3941431      0.1806196     10.0453882      3.5328040      0.6433224      3.5084108     -7.6423425      0.7953089      0.0105533      0.0637868      1.0042849      0.5681064      0.0282563      0.7456547      0.0021988      0.0095612      0.0094086      0.8510000      0.0150000      0.2830000      0.0016900      2.2445300      0.0375400   3106.0000000     30.0000000      0.3232000      0.0061000      0.0087580      0.0001800     -0.3000000   -999.0000000      7.0000000
     0.4951042      0.2147895      0.0874108      9.9968157      5.8497947      0.8321365      3.5540949     -7.5192655      0.7457672      0.0102648      0.0967738      2.3673681      0.5723942      0.0460401      0.9660047      0.0021736      0.0040795      0.0077432      0.7470000      0.0080000      0.1703600      0.0010000      3.0174400      0.0229600   3570.0000000     20.0000000      0.4713000      0.0060000      0.0324910      0.0004550      0.1000000      0.0800000      7.0000000
     0.8863746     -0.1303890      0.2689648      9.9463420     10.0332920      1.6546123      3.7326314     -6.7850885      0.7757884      0.0420929      0.0981275      0.3902595      0.4905736      0.0872813      0.5012087      0.0067012      0.0062958      0.0241106      0.7630000      0.0210000      0.0993300      0.0005300     16.4083000      0.1966000   5394.0000000     76.0000000      0.8190000      0.0240000      0.5197140      0.0083390     -0.0400000   -999.0000000      2.0000000
     0.8341305     -0.1439995      0.2502738      9.8537979      5.7508834      1.8733461      3.7207009     -6.3998244      1.2548468      0.0382131      0.1815127      0.2542738      0.4410495      0.0092981      0.4284508      0.0035347      0.0055388      0.0193740      1.2540000      0.0120000      0.1737700      0.0001800     39.8109000      0.4271600   5251.0000000     29.0000000      0.7780000      0.0080000      0.4120160      0.0045020     -0.3100000   -999.0000000      2.0000000
     0.5771706      0.2574989      0.4588806     10.0372539      7.0624149      0.8759306      3.5719418     -7.4763553      0.7188058      0.0145591      0.1436321      2.4459959      0.5372988      0.0468528      0.9429859      0.0024555      0.0054308      0.0082137      0.7220000      0.0080000      0.1418700      0.0006400      3.3480900      0.0360300   3727.0000000     23.0000000      0.5472000      0.0067000      0.0519850      0.0007300     -0.0600000   -999.0000000      7.0000000
     0.6946343      0.0635841      0.1947538      9.9541247      3.4927193      1.1030000      3.6322281     -6.4484944      1.7738073      0.0308308      0.2074966      1.5377521      0.5286802      0.0098024      0.7494127      0.0019243      0.0059535      0.0145093      1.7750000      0.0130000      0.2860400      0.0005600     35.4910000      0.4440000   4289.0000000     21.0000000      0.6611000      0.0048000      0.1355580      0.0017770     -0.1900000   -999.0000000      7.0000000
     0.6260167      0.0402037      0.6565014      9.9114474      3.4959124      1.0848293      3.6070916     -6.6520773      1.5745689      0.0242601      0.1860021      5.8015569      0.5253786      0.0100625      0.9155682      0.0030183      0.0041684      0.0229266      1.5810000      0.0220000      0.2860400      0.0005600     22.2523800      0.1923500   4044.0000000     29.0000000      0.6010000      0.0072000      0.0849930      0.0008070     -0.2200000   -999.0000000      7.0000000
     0.7614993      0.1236752      0.1699441      9.9753838      3.6233691      1.1708511      3.6599101     -6.2871124      1.8882505      0.0331537      0.2098639      0.9784373      0.5840935      0.0055369      0.5653286      0.0029272      0.0096348      0.0195796      1.8810000      0.0170000      0.2760600      0.0002800     51.4025000      1.0280000   4570.0000000     31.0000000      0.7320000      0.0060000      0.2107840      0.0042370     -0.0700000   -999.0000000      3.0000000
     0.5879389      0.2233052      0.2722061      9.9927628     10.0529236      0.7324461      3.5756822     -7.7472704      0.5175722      0.0150037      0.1077787      1.2866329      0.5900101      0.2331718      0.8917382      0.0050820      0.0042119      0.0124263      0.5320000      0.0140000      0.0976100      0.0015300      1.7910800      0.0148100   3713.0000000     49.0000000      0.5863000      0.0179000      0.0587470      0.0019050      0.1700000      0.0800000      7.0000000
     0.3528762      0.3925462      0.1727546     10.0366868      4.6316118      0.5722990      3.5140512     -7.7137331      0.7108246      0.0087593      0.0452527      1.5244513      0.3886481      0.0629851      0.2035178      0.0017597      0.0042429      0.0059923      0.7460000      0.0090000      0.2132800      0.0021200      1.9156600      0.0151700   3189.0000000     20.0000000      0.3761000      0.0059000      0.0131610      0.0002820      0.1700000      0.0800000      7.0000000
     0.5799421      0.3158964      0.2322528      9.8231433      6.8613194      1.1631304      3.5706352     -7.4490442      0.7441522      0.0119786      0.1222230      1.4331796      0.5314781      0.0713447      0.8709772      0.0012289      0.0034318      0.0040185      0.7440000      0.0040000      0.1460900      0.0010000      3.5448500      0.0271500   3724.0000000     12.0000000      0.5477000      0.0048000      0.0519060      0.0008140      0.2100000   -999.0000000      7.0000000
     0.4884047     -0.0698333      0.3763400      9.9941588      3.2754975      2.6007751      3.5693750     -6.9633517      1.3037991      0.0135255      0.1455538      7.6292827      0.5886335      0.0109356      0.8707397      0.0042038      0.0078233      0.0249306      1.3040000      0.0320000      0.3052600      0.0007000     10.8945000      0.1680200   3724.0000000     48.0000000      0.4712000      0.0086000      0.0365370      0.0005880     -0.0600000   -999.0000000      7.0000000
     0.7805496      0.0752758      0.3016726     10.0532997      6.5434447      1.1752920      3.6780660     -6.6796842      1.1045515      0.0329397      0.1713012      0.1007554      0.5075050      0.0194524      0.3880240      0.0018528      0.0031036      0.0086554      1.1060000      0.0070000      0.1527600      0.0002900     20.8979400      0.1220800   4759.0000000     17.0000000      0.7784000      0.0053000      0.2798630      0.0019500     -0.0500000   -999.0000000      2.0000000
     0.4145940      0.2741883      0.3114442     10.0211485      6.1711329      0.6062901      3.5307018     -7.7892656      0.6028591      0.0105970      0.0777694      3.2392588      0.5224293      0.0846030      0.7930312      0.0034065      0.0110516      0.0109966      0.6230000      0.0100000      0.1617600      0.0016600      1.5921600      0.0332500   3332.0000000     32.0000000      0.4139000      0.0076000      0.0190150      0.0005570      0.0300000      0.0800000      7.0000000
     0.1572731      0.4061808      0.2217847      9.9756203      3.1551498      0.7932217      3.4756672     -8.1103719      0.5400005      0.0030985      0.0371378      0.8362258      0.5760022      0.0098661      0.4230191      0.0015950      0.0083125      0.0041669      0.6080000      0.0080000      0.3167000      0.0007000      0.7589300      0.0118200   2802.0000000     21.0000000      0.2070000      0.0029000      0.0023650      0.0000380      0.2300000      0.0800000      7.0000000
     0.8159434     -0.1451830      0.3182630      9.8829935     16.8510493      1.4352001      3.7090618     -7.3684939      0.4386827      0.0409361      0.1797095      0.5558193      0.5075813      0.2601771      0.6937907      0.0077250      0.0107697      0.0142920      0.4330000      0.0140000      0.0594600      0.0005900      4.2998000      0.0860000   5123.0000000     87.0000000      0.7821000      0.0258000      0.3800670      0.0107080     -0.2800000   -999.0000000      2.0000000
