     0.7766715     -0.0419625      0.2461325      9.8963785      7.1970423      1.1135434      3.6711135     -6.7656051      1.0300203      0.0318407      0.1546471      0.0334068      0.4620471      0.0383419      0.4998163      0.0032909      0.0053364      0.0218256      1.0300000      0.0070000      0.1392700      0.0004500     17.1834000      0.1059100   4696.0000000     18.0000000      0.7949000      0.0062000      0.2768570      0.0024720     -0.2700000   -999.0000000      2.0000000
     0.8023447     -0.1104383      0.2760650      9.9844593     10.3410628      1.4498514      3.7084859     -6.9380072      0.7128705      0.0434457      0.1234209      0.0274713      0.4629096      0.0616903      0.4971997      0.0035445      0.0133320      0.0107223      0.7130000      0.0060000      0.0966000      0.0004000     11.5675000      0.2313500   5113.0000000     33.0000000      0.7935000      0.0072000      0.3873880      0.0083860      0.0800000   -999.0000000      3.0000000
     0.8105071     -0.1339228      0.2800006      9.7780593      3.2159647      1.7201953      3.7053556     -5.9892527      2.1460291      0.0441897      0.1345381      0.0258010      0.4358614      0.0022946      0.5361341      0.0039730      0.0079057      0.0393254      2.1480000      0.0290000      0.3109400      0.0001600    102.3041000      1.1903300   5080.0000000     37.0000000      0.7350000      0.0050000      0.3306750      0.0038620     -0.1600000   -999.0000000      2.0000000
     0.4108500     -0.0968125      0.2720209      9.8663929      3.5838965      1.7204051      3.5571174     -7.2470122      1.0052216      0.0096425      0.1231845      0.0277884      0.4910855      0.0133410      0.7495922      0.0013951      0.0041554      0.0059794      1.0050000      0.0050000      0.2787600      0.0007700      5.6687900      0.0454000   3603.0000000     12.0000000      0.3863000      0.0021000      0.0227980      0.0002220     -0.3000000   -999.0000000      7.0000000
     0.7946588     -0.1599862      0.2642128      9.5046588      4.9809590      1.0205372      3.7121245     -6.2770549      1.5029138      0.0387355      0.1204396      0.0233737      0.4544178      0.0091885      0.4353847      0.0023443      0.0102513      0.0124004      1.5040000      0.0060000      0.2006200      0.0002300     52.8799000      0.6227400   5148.0000000     18.0000000      0.8051000      0.0035000      0.4105850      0.0049260     -0.4400000   -999.0000000      2.0000000
     0.7534647      0.4288123      0.2440372      9.8500699     11.2812980      1.1348300      3.6091921     -7.5189579      0.5797673      0.0378766      0.1225957      0.0327426      0.4697948      0.1643734      0.6251697      0.0080042      0.0060225      0.0235943      0.5860000      0.0220000      0.0877800      0.0009700      3.0277100      0.0316900   4034.0000000     76.0000000      0.7176000      0.0280000      0.1227960      0.0030030      0.3900000      0.0800000      7.0000000
     0.4793949      0.0836467      0.3241219      8.8361146      9.2451930      2.7510281      3.5630204     -7.9027886      0.4583365      0.0227965      0.0950906      0.0310095      0.6084383      0.2959654      0.8472037      0.0060537      0.0048668      0.0130963      0.4540000      0.0190000      0.1078300      0.0028500      1.2537100      0.0111900   3676.0000000     77.0000000      0.4525000      0.0221000      0.0336960      0.0018060      0.1400000      0.0800000      7.0000000
     0.8032449     -0.0123714      0.2520083     10.1204125      8.6949055      1.4411710      3.6810734     -6.9186665      0.8316835      0.0378012      0.1631667      0.0312584      0.5731253      0.0594408      0.4510175      0.0030660      0.0082846      0.0152194      0.8290000      0.0070000      0.1148400      0.0005000     12.0460000      0.1425900   4790.0000000     25.0000000      0.7759000      0.0073000      0.2854420      0.0041950      0.1400000   -999.0000000      2.0000000
     0.6175239      0.4143336      0.3220360      8.8161806      5.6538838      2.8558646      3.5819971     -7.1959668      0.9433793      0.0163027      0.1989685      0.0379425      0.5693971      0.0480073      0.9062147      0.0012197      0.0043249      0.0048165      0.9430000      0.0040000      0.1767700      0.0011800      6.3402100      0.0537100   3825.0000000     11.0000000      0.5735000      0.0044000      0.0634090      0.0010030      0.4900000   -999.0000000      7.0000000
     0.6507192      0.1131124      0.2380319     10.0980399     11.1478498      0.7262017      3.5898136     -7.6902571      0.5169047      0.0292845      0.1705657      0.0347029      0.6249319      0.1682405      0.9619372      0.0061722      0.0054552      0.0152550      0.5190000      0.0150000      0.0889700      0.0010200      2.0395100      0.0198000   3883.0000000     57.0000000      0.6266000      0.0193000      0.0805190      0.0020050      0.0500000   -999.0000000      7.0000000
     0.7520494     -0.4799168      0.2420109      9.4965702     16.5324769      0.9883166      3.7068623     -7.3138999      0.4660282      0.0461132      0.2464261      0.0351413      0.5100681      0.2192479      0.4783889      0.0052500      0.0204171      0.0081149      0.4650000      0.0040000      0.0596400      0.0005600      4.8194000      0.1445800   5087.0000000     44.0000000      0.8387000      0.0109000      0.4234280      0.0149860     -0.8300000   -999.0000000      2.0000000
     0.8702771     -0.1154527      0.2981802     10.1075591     12.5129952      1.0274941      3.7251948     -6.9249085      0.6701241      0.0524493      0.0535882      0.0243290      0.5429923      0.0824307      0.4009018      0.0076082      0.0343425      0.0286214      0.6740000      0.0140000      0.0800400      0.0003500     11.9156000      0.2383100   5298.0000000     61.0000000      0.9058000      0.0190000      0.5812500      0.0126880     -0.1100000      0.0300000      2.0000000
     0.6087081      0.0226553      0.2700038     10.0722975      6.1339088      1.8500551      3.5957740     -7.2158822      0.8712541      0.0273732      0.1652190      0.0331347      0.5912162      0.1150589      0.7789814      0.0037630      0.0053412      0.0153572      0.8710000      0.0150000      0.1621300      0.0023700      6.0882300      0.0590400   3940.0000000     35.0000000      0.5773000      0.0131000      0.0723810      0.0022290     -0.0400000   -999.0000000      7.0000000
     0.5975104      0.0166706      0.2660156     10.0761201      6.1669378      1.8442342      3.5959496     -7.2255637      0.8543780      0.0257223      0.1662856      0.0331475      0.6105375      0.1141812      0.7220423      0.0040931      0.0065062      0.0163713      0.8560000      0.0160000      0.1621300      0.0023700      5.9220000      0.0714100   3947.0000000     39.0000000      0.5673000      0.0137000      0.0704050      0.0022270     -0.0400000   -999.0000000      7.0000000
     0.7574435     -0.4499597      0.2881372      9.5203830      7.4585357      1.7920532      3.7049498     -6.7812930      0.8678803      0.0322079      0.2212690      0.0277148      0.3801708      0.0367474      0.4754716      0.0021071      0.0070278      0.0053267      0.8680000      0.0040000      0.1341400      0.0005100     16.5153000      0.1930700   5065.0000000     19.0000000      0.6954000      0.0041000      0.2868340      0.0040000     -0.4200000   -999.0000000      2.0000000
     0.6965263      0.2063062      0.3040269      9.3542043      4.8710124      1.8958132      3.6190676     -6.8242891      1.2248473      0.0249940      0.1626937      0.0296965      0.4546447      0.0168751      0.6463024      0.0016575      0.0044360      0.0089135      1.2250000      0.0080000      0.2052100      0.0005400     14.9496600      0.1221900   4159.0000000     16.0000000      0.6398000      0.0046000      0.1109420      0.0010780      0.2400000   -999.0000000      7.0000000
     0.4820575      0.3758727      0.2320000     10.0251565      4.8498698      0.5160108      3.5171502     -7.5305462      0.8708462      0.0152646      0.0735458      0.0127752      0.4846107      0.0876214      0.5361593      0.0063860      0.0104208      0.0171598      0.8740000      0.0050000      0.2046000      0.0028000      2.9402500      0.0353900   3279.0000000     14.0000000      0.4593000      0.0068000      0.0219500      0.0006560      0.1500000      0.0800000      7.0000000
     0.4182108      0.1258699      0.2340159     10.0767453      6.6365777      0.6320072      3.5312908     -7.8620600      0.5569847      0.0149543      0.1459254      0.0354796      0.5528166      0.0973722      0.9887841      0.0050287      0.0064868      0.0131306      0.5670000      0.0150000      0.1501000      0.0017000      1.3742000      0.0163700   3366.0000000     46.0000000      0.4060000      0.0117000      0.0190610      0.0004880     -0.1900000   -999.0000000      4.0000000
     0.4134054     -0.1602856      0.2360343     10.0807157      2.5467202      0.7970820      3.5491815     -6.9659443      1.4301619      0.0102880      0.1239344      0.0406465      0.5858320      0.0055488      0.9262645      0.0020614      0.0047717      0.0141195      1.4320000      0.0130000      0.3926400      0.0006700     10.8213000      0.0956700   3548.0000000     18.0000000      0.3924000      0.0033000      0.0219360      0.0002080     -0.3800000   -999.0000000      7.0000000
     0.4183066     -0.1598614      0.2360061     10.0606874      4.8562489      0.6627551      3.5516555     -7.5112717      0.7566272      0.0142705      0.1507926      0.0398466      0.5690618      0.0297452      1.0282528      0.0046940      0.0074400      0.0167973      0.7640000      0.0170000      0.2062700      0.0010000      3.0865900      0.0422600   3550.0000000     41.0000000      0.3982000      0.0091000      0.0226710      0.0003800     -0.3700000   -999.0000000      7.0000000
     0.4784745      0.1637747      0.2380056     10.0922234     10.0317029      0.6826184      3.5413079     -8.0825659      0.4121950      0.0230928      0.1553304      0.0377491      0.6046429      0.3041292      1.0201227      0.0059144      0.0061940      0.0114374      0.4170000      0.0130000      0.0986100      0.0023300      0.8276600      0.0093200   3458.0000000     55.0000000      0.4546000      0.0182000      0.0265990      0.0012920      0.0100000   -999.0000000      7.0000000
     0.7147281     -0.4919670      0.2400050      9.5542152      9.0931862      1.7514012      3.6891994     -7.0573929      0.6794606      0.0279435      0.2066120      0.0347840      0.3769675      0.0466072      0.5327317      0.0034081      0.0045047      0.0088415      0.6790000      0.0070000      0.1099900      0.0004100      8.7658000      0.0600000   4888.0000000     27.0000000      0.6784200      0.0054800      0.2264370      0.0022920     -1.2600000   -999.0000000      3.0000000
     0.7651201     -0.1276001      0.2680672      9.7880888     11.0628849      1.4438470      3.6949563     -7.1093271      0.6211974      0.0434551      0.1787239      0.0297435      0.4333091      0.1262133      0.5682277      0.0031421      0.0091421      0.0084767      0.6220000      0.0060000      0.0903200      0.0007400      7.7674000      0.1142000   4955.0000000     30.0000000      0.7405000      0.0094000      0.2975560      0.0065510     -0.2400000   -999.0000000      2.0000000
     0.5112965     -0.0218357      0.2580282     10.1100396      7.6278079      0.8282047      3.5694974     -7.6566076      0.5920772      0.0204380      0.1032210      0.0303441      0.6200007      0.0778660      0.8897216      0.0051417      0.0044167      0.0140548      0.5930000      0.0160000      0.1306200      0.0010500      2.2061400      0.0182200   3705.0000000     51.0000000      0.4882000      0.0315000      0.0404090      0.0007300     -0.0900000      0.0800000      7.0000000
     0.5141123     -0.0395383      0.2360268     10.0880594      5.3847827      0.6704650      3.5600170     -7.3977512      0.8300536      0.0166694      0.1437597      0.0347593      0.5917800      0.0408429      1.0220370      0.0036019      0.0073402      0.0145414      0.8350000      0.0140000      0.1854900      0.0011000      4.0127200      0.0525100   3626.0000000     33.0000000      0.4840000      0.0084000      0.0364470      0.0006440     -0.3100000   -999.0000000      7.0000000
     0.7923760     -0.4859901      0.2837524      9.5101189      7.5207324      1.3880200      3.7288049     -6.5871741      0.9752983      0.0444619      0.2432625      0.0235217      0.3700452      0.0688936      0.4805322      0.0040687      0.0123885      0.0145149      0.9730000      0.0090000      0.1323800      0.0008200     25.8044000      0.3077000   5349.0000000     29.0000000      0.7910000      0.0080000      0.4601620      0.0079120     -0.9200000   -999.0000000      2.0000000
     0.1172141     -0.1135218      0.3240270     10.0545106      1.2963143      1.7831459      3.4832047     -7.5141359      1.0397106      0.0053461      0.2121657      0.0371059      0.5722667      0.0056241      0.7180238      0.0087380      0.0127386      0.0492973      1.0110000      0.0520000      0.7716400      0.0026000      3.0602000      0.0612000   3079.0000000     81.0000000      0.1410000      0.0070000      0.0016060      0.0000340      0.0000000   -999.0000000      5.0000000
     0.8545919      0.0070974      0.3263141     10.1362320      1.3408727      1.4360060      3.7143901     -5.0618320      6.0018582      0.0519982      0.1423911      0.0466091      0.4979519      0.0033844      0.4597355      0.0074062      0.0475340      0.1726784      6.0000000      0.0210000      0.7471000      0.0012000    865.4461100     17.3089000   5184.0000000     27.0000000      0.8671500      0.0028700      0.4845560      0.0098150      0.2100000   -999.0000000      3.0000000
     0.8598404     -0.1535768      0.2955850      9.5583542      6.7087617      1.4561886      3.7451555     -6.3434923      1.1951766      0.0619950      0.1168888      0.0224080      0.4157255      0.0364856      0.4209692      0.0076441      0.0272230      0.0340906      1.1960000      0.0140000      0.1489800      0.0004800     45.3513900      0.2972900   5555.0000000     34.0000000      0.8627000      0.0107000      0.6385520      0.0058700     -0.1600000   -999.0000000      2.0000000
     0.7671561     -0.1080879      0.2600231     10.1077006      5.8808771      0.9987079      3.6587278     -6.6981349      1.1751392      0.0385984      0.1863704      0.0308351      0.6009738      0.0398565      0.6473617      0.0065708      0.0041485      0.0370222      1.1770000      0.0300000      0.1698500      0.0008200     20.0192000      0.1329000   4564.0000000     59.0000000      0.7390000      0.0190000      0.2168590      0.0025410     -0.0600000   -999.0000000      3.0000000
     0.3063479     -0.1154397      0.2720133     10.0560888      6.2228522      2.7589614      3.5397134     -8.0170698      0.4467264      0.0130022      0.1633677      0.0316009      0.5851937      0.0672780      0.9282415      0.0060962      0.0043295      0.0130201      0.4460000      0.0140000      0.1601200      0.0013300      0.9608500      0.0076700   3471.0000000     55.0000000      0.2990000      0.0100000      0.0117120      0.0002160     -0.1500000   -999.0000000      7.0000000
     0.9041867     -0.1088547      0.3240647      9.9288335     17.5808632      1.4718762      3.7421253     -7.1676806      0.4661111      0.0655906      0.1205031      0.0285254      0.4439461      0.1565693      0.5071981      0.0122534      0.0278643      0.0241396      0.4590000      0.0170000      0.0569100      0.0003400      6.7864900      0.1357300   5577.0000000    107.0000000      0.8668000      0.0324000      0.6548310      0.0152560      0.3300000   -999.0000000      2.0000000
     0.3371544     -0.2299878      0.2380342     10.0560861      6.5079494      0.6664500      3.5417339     -7.9627571      0.4683853      0.0122497      0.1178045      0.0312885      0.5826213      0.0533520      0.9619299      0.0049392      0.0060855      0.0105052      0.4750000      0.0130000      0.1534600      0.0009900      1.0874100      0.0120100   3469.0000000     48.0000000      0.3328000      0.0093000      0.0144300      0.0002450     -0.3500000      0.0800000      7.0000000
     0.8087105     -0.1158611      0.3228040      9.5744002      9.7671954      1.7002849      3.7327700     -6.8274700      0.7253313      0.0431425      0.1087965      0.0296081      0.3885659      0.0598153      0.4823277      0.0093071      0.0123708      0.0171175      0.7240000      0.0110000      0.1025500      0.0004000     14.8801000      0.0900000   5404.0000000     42.0000000      0.7591000      0.0122000      0.4421770      0.0043650      0.0400000   -999.0000000      3.0000000
     0.5609794      0.1025688      0.2360039     10.0881438     10.2512035      0.6780405      3.5571815     -7.8865288      0.4780945      0.0219793      0.0931913      0.0246751      0.5725713      0.1889489      0.8773954      0.0051295      0.0054319      0.0120651      0.4840000      0.0120000      0.0966700      0.0013900      1.2984000      0.0128600   3592.0000000     45.0000000      0.5387000      0.0157000      0.0434200      0.0013210      0.0300000      0.0800000      7.0000000
     0.6813383      0.1669161      0.3200477      9.6409777      7.7046419      1.5663368      3.6190427     -7.2260663      0.7671206      0.0250139      0.1704594      0.0381737      0.4420438      0.0575943      0.6415343      0.0021072      0.0041300      0.0075325      0.7680000      0.0070000      0.1298600      0.0007300      5.9265400      0.0446000   4168.0000000     21.0000000      0.6359000      0.0071000      0.1098280      0.0014860      0.1900000   -999.0000000      7.0000000
     0.7985631     -0.4699358      0.2760138      9.3308268     12.7973168      1.2766673      3.7200774     -7.0841754      0.5741913      0.0488365      0.2895496      0.0256285      0.4324220      0.0712073      0.5194196      0.0050992      0.0088005      0.0137811      0.5730000      0.0100000      0.0781100      0.0003000      8.2539000      0.1000000   5242.0000000     48.0000000      0.7891000      0.0144000      0.4227730      0.0060650     -0.5200000   -999.0000000      2.0000000
     0.4395112      0.1734637      0.2460326     10.1022872      4.5253360      0.7804475      3.5339037     -7.4729187      0.8539194      0.0130138      0.1389867      0.0331264      0.5975286      0.0253424      0.9576623      0.0034996      0.0045970      0.0141262      0.8590000      0.0140000      0.2208400      0.0009400      3.3631300      0.0283100   3421.0000000     29.0000000      0.4183000      0.0070000      0.0215500      0.0002580      0.0500000   -999.0000000      7.0000000
     0.8001352     -0.1110677      0.2842056     10.0442470      7.5053676      1.4644124      3.7160327     -6.6162976      1.0011869      0.0445142      0.1103199      0.0227004      0.4725668      0.0434306      0.4260672      0.0032622      0.0164004      0.0084855      1.0000000      0.0040000      0.1327600      0.0005000     24.2500000      0.2825400   5195.0000000     18.0000000      0.8101000      0.0045000      0.4299700      0.0059650     -0.1400000   -999.0000000      2.0000000
     0.1668358     -0.2557823      0.2720215     10.0264761      1.8240320      0.7322262      3.5093274     -7.4844837      0.9521712      0.0027978      0.1168111      0.0297673      0.5666757      0.0065255      1.0070226      0.0021958      0.0086648      0.0074265      0.9520000      0.0050000      0.5483100      0.0015100      3.2629200      0.0565900   3225.0000000     16.0000000      0.1869000      0.0012000      0.0033920      0.0000620     -0.4000000   -999.0000000      7.0000000
     0.8164825     -0.1220687      0.3223456      9.8755357      5.1021929      1.4300970      3.7319522     -6.1934966      1.5154844      0.0474553      0.1319130      0.0297397      0.3971837      0.0349548      0.3768629      0.0112251      0.0570764      0.0173414      1.5150000      0.0050000      0.1959600      0.0008700     64.3329600      1.8793900   5386.0000000     40.0000000      0.8310000      0.0044000      0.5235520      0.0159860     -0.0100000   -999.0000000      2.0000000
     0.7047299     -0.1188079      0.2680078     10.0480926      5.1163866      1.6628081      3.6468280     -6.7116594      1.2236240      0.0361727      0.1723730      0.0316990      0.5652390      0.0293931      0.6838089      0.0033978      0.0109829      0.0171378      1.2210000      0.0150000      0.1959600      0.0008700     19.4020000      0.4120000   4446.0000000     36.0000000      0.6697000      0.0089000      0.1578970      0.0036340     -0.1200000   -999.0000000      2.0000000
     0.7931222     -0.1763491      0.2600152      9.7009112     11.0182797      1.0785940      3.7004203     -7.0323574      0.6676618      0.0417608      0.1697059      0.0254065      0.4055395      0.0624909      0.5258902      0.0032864      0.0054176      0.0143654      0.6660000      0.0060000      0.0907100      0.0003000      9.2785000      0.0594400   5006.0000000     24.0000000      0.7897000      0.0077000      0.3523940      0.0032450     -0.3300000   -999.0000000      2.0000000
     0.7758633     -0.4799657      0.3043227      9.6363419      3.6503949      0.9491713      3.7290092     -5.9220211      2.0822829      0.0528530      0.2850824      0.0264434      0.4332827      0.0035744      0.6668462      0.0057603      0.0165216      0.0473332      2.0780000      0.0310000      0.2739600      0.0001700    119.8023000      1.3945000   5373.0000000     43.0000000      0.8153900      0.0121700      0.4988300      0.0058390     -0.6000000   -999.0000000      2.0000000
     0.3708620      0.0392873      0.2360072      9.8241962      3.5301191      0.6881255      3.5311620     -7.4093091      0.9341884      0.0096000      0.1212344      0.0373153      0.5103769      0.0274613      0.9823602      0.0020712      0.0059850      0.0092573      0.9370000      0.0080000      0.2830000      0.0016900      3.8975100      0.0449000   3398.0000000     17.0000000      0.3561000      0.0039000      0.0152080      0.0002520     -0.2300000   -999.0000000      7.0000000
     0.3103753      0.3771731      0.2300050     10.1120918      3.5173473      0.5460071      3.4972505     -7.6467620      0.8328055      0.0131583      0.1245774      0.0269441      0.5204986      0.0288829      0.9012804      0.0106137      0.0103567      0.0355233      0.8510000      0.0150000      0.2830000      0.0016900      2.2445300      0.0375400   3106.0000000     30.0000000      0.3232000      0.0061000      0.0087580      0.0001800     -0.3000000   -999.0000000      7.0000000
     0.5084773      0.0742955      0.2520113     10.0880332      5.8724110      1.2681258      3.5520798     -7.5207858      0.7480796      0.0144872      0.0950119      0.0271541      0.5816397      0.0433676      0.7467215      0.0023576      0.0041816      0.0086040      0.7470000      0.0080000      0.1703600      0.0010000      3.0174400      0.0229600   3570.0000000     20.0000000      0.4713000      0.0060000      0.0324910      0.0004550      0.1000000      0.0800000      7.0000000
     0.8554153     -0.1224873      0.3222814      9.6961450     10.0249418      1.4219683      3.7315453     -6.7841380      0.7720781      0.0566575      0.1340641      0.0319871      0.4458977      0.0727477      0.4753383      0.0082237      0.0104655      0.0279395      0.7630000      0.0210000      0.0993300      0.0005300     16.4083000      0.1966000   5394.0000000     76.0000000      0.8190000      0.0240000      0.5197140      0.0083390     -0.0400000   -999.0000000      2.0000000
     0.7812104     -0.1758041      0.2902268      9.6831883      5.7532664      1.4107908      3.7196907     -6.3992864      1.2543007      0.0428526      0.1552276      0.0235823      0.4335872      0.0092823      0.5251673      0.0039929      0.0128617      0.0192263      1.2540000      0.0120000      0.1737700      0.0001800     39.8109000      0.4271600   5251.0000000     29.0000000      0.7780000      0.0080000      0.4120160      0.0045020     -0.3100000   -999.0000000      2.0000000
     0.5854048      0.0561318      0.2360239     10.0801169      7.0241603      0.7778094      3.5720481     -7.4765118      0.7202570      0.0182593      0.1448095      0.0337442      0.6069200      0.0413195      0.9594196      0.0025632      0.0058689      0.0090149      0.7220000      0.0080000      0.1418700      0.0006400      3.3480900      0.0360300   3727.0000000     23.0000000      0.5472000      0.0067000      0.0519850      0.0007300     -0.0600000   -999.0000000      7.0000000
     0.6856157     -0.0659346      0.2400401      9.7040699      3.5006745      1.0525135      3.6321891     -6.4500842      1.7761484      0.0307695      0.1690186      0.0315307      0.4672300      0.0093891      0.6338770      0.0020369      0.0064554      0.0155027      1.7750000      0.0130000      0.2860400      0.0005600     35.4910000      0.4440000   4289.0000000     21.0000000      0.6611000      0.0048000      0.1355580      0.0017770     -0.1900000   -999.0000000      7.0000000
     0.6275363     -0.1287412      0.2400272     10.0200743      3.4957906      1.0391101      3.6062183     -6.6527842      1.5734592      0.0233851      0.1655965      0.0343642      0.5417994      0.0090885      0.7222116      0.0030595      0.0049269      0.0223440      1.5810000      0.0220000      0.2860400      0.0005600     22.2523800      0.1923500   4044.0000000     29.0000000      0.6010000      0.0072000      0.0849930      0.0008070     -0.2200000   -999.0000000      7.0000000
     0.7608201     -0.0354804      0.2420222     10.0763536      3.6225916      1.0811746      3.6594937     -6.2867919      1.8786267      0.0340295      0.1787119      0.0352313      0.4805747      0.0049927      0.5504170      0.0032097      0.0111857      0.0242156      1.8810000      0.0170000      0.2760600      0.0002800     51.4025000      1.0280000   4570.0000000     31.0000000      0.7320000      0.0060000      0.2107840      0.0042370     -0.0700000   -999.0000000      3.0000000
     0.6145293      0.1709073      0.2460122     10.0923314     10.1528030      0.7405085      3.5707300     -7.7462582      0.5284862      0.0266771      0.1026822      0.0284496      0.5952739      0.2069756      0.8484074      0.0056069      0.0045701      0.0143812      0.5320000      0.0140000      0.0976100      0.0015300      1.7910800      0.0148100   3713.0000000     49.0000000      0.5863000      0.0179000      0.0587470      0.0019050      0.1700000      0.0800000      7.0000000
     0.3629825      0.4051636      0.2320108     10.1182889      4.6052156      0.5441011      3.5068355     -7.7184652      0.7355744      0.0119541      0.0928723      0.0169567      0.5612070      0.0626527      0.8157982      0.0071231      0.0052986      0.0234242      0.7460000      0.0090000      0.2132800      0.0021200      1.9156600      0.0151700   3189.0000000     20.0000000      0.3761000      0.0059000      0.0131610      0.0002820      0.1700000      0.0800000      7.0000000
     0.5824763      0.2577884      0.2620083      9.5883614      6.8569940      1.7813123      3.5702562     -7.4501723      0.7435593      0.0162994      0.1452875      0.0311425      0.4854982      0.0631531      0.6727289      0.0013224      0.0039745      0.0047916      0.7440000      0.0040000      0.1460900      0.0010000      3.5448500      0.0271500   3724.0000000     12.0000000      0.5477000      0.0048000      0.0519060      0.0008140      0.2100000   -999.0000000      7.0000000
     0.4832794     -0.0620783      0.3200076     10.0589230      3.2803004      1.7702924      3.5703971     -6.9635485      1.3039047      0.0174463      0.1543740      0.0350753      0.5995171      0.0095857      0.7956902      0.0050574      0.0085038      0.0303036      1.3040000      0.0320000      0.3052600      0.0007000     10.8945000      0.1680200   3724.0000000     48.0000000      0.4712000      0.0086000      0.0365370      0.0005880     -0.0600000   -999.0000000      7.0000000
     0.7757985     -0.0660621      0.2460000     10.1082122      6.5390944      1.3455065      3.6775172     -6.6801801      1.1061565      0.0353100      0.1472493      0.0310586      0.4940984      0.0197178      0.4135396      0.0024933      0.0044598      0.0173901      1.1060000      0.0070000      0.1527600      0.0002900     20.8979400      0.1220800   4759.0000000     17.0000000      0.7784000      0.0053000      0.2798630      0.0019500     -0.0500000   -999.0000000      2.0000000
     0.4332754      0.1907113      0.2340027     10.0948788      6.1249900      0.5700617      3.5249376     -7.7984024      0.6197940      0.0128977      0.0804181      0.0166216      0.5671127      0.0820366      0.7972720      0.0040018      0.0112683      0.0126299      0.6230000      0.0100000      0.1617600      0.0016600      1.5921600      0.0332500   3332.0000000     32.0000000      0.4139000      0.0076000      0.0190150      0.0005570      0.0300000      0.0800000      7.0000000
     0.2061548      0.3243248      0.2320079     10.1673770      3.1383317      0.5221940      3.4566872     -8.1128390      0.5866018      0.0270752      0.0865105      0.0165918      0.7229904      0.0160704      0.8614894      0.0124420      0.0136396      0.0301249      0.6080000      0.0080000      0.3167000      0.0007000      0.7589300      0.0118200   2802.0000000     21.0000000      0.2070000      0.0029000      0.0023650      0.0000380      0.2300000      0.0800000      7.0000000
     0.8003917     -0.1658122      0.2900061     10.0296104     16.8375855      1.2754523      3.7100904     -7.3676122      0.4333333      0.0452489      0.1827099      0.0288104      0.5644938      0.2336223      0.5959271      0.0079621      0.0133141      0.0164412      0.4330000      0.0140000      0.0594600      0.0005900      4.2998000      0.0860000   5123.0000000     87.0000000      0.7821000      0.0258000      0.3800670      0.0107080     -0.2800000   -999.0000000      2.0000000
