     0.7688270     -0.0004052      0.2810882     10.1396864      7.1532774      1.8248850      3.6775909     -6.7683054      0.9999187      0.0221491      0.0949459      0.0684347      0.5721097      0.0513202      0.4419713      0.0072430      0.0086013      0.0363845      1.0300000      0.0070000      0.1392700      0.0004500     17.1834000      0.1059100   4696.0000000     18.0000000      0.7949000      0.0062000      0.2768570      0.0024720     -0.2700000   -999.0000000      2.0000000
     0.8216756     -0.1212916      0.2650760     10.0348198     10.3935570      2.0867464      3.7103901     -6.9379471      0.7113597      0.0307660      0.0818503      0.1223301      0.3099666      0.0745273      0.7020883      0.0044623      0.0122489      0.0147388      0.7130000      0.0060000      0.0966000      0.0004000     11.5675000      0.2313500   5113.0000000     33.0000000      0.7935000      0.0072000      0.3873880      0.0083860      0.0800000   -999.0000000      3.0000000
     0.8181234     -0.1045350      0.2834138      9.8323529      3.2173846      1.9080868      3.7058649     -5.9912853      2.1428357      0.0335833      0.1276729      0.1152070      0.4503061      0.0028673      0.6564154      0.0038933      0.0092823      0.0362322      2.1480000      0.0290000      0.3109400      0.0001600    102.3041000      1.1903300   5080.0000000     37.0000000      0.7350000      0.0050000      0.3306750      0.0038620     -0.1600000   -999.0000000      2.0000000
     0.4190036     -0.1029948      0.2588804      8.7755371      3.5909088      2.9247293      3.5558820     -7.2467215      1.0094900      0.0068636      0.0710764      0.2667644      0.6517040      0.0153135      1.0606849      0.0011579      0.0040019      0.0051097      1.0050000      0.0050000      0.2787600      0.0007700      5.6687900      0.0454000   3603.0000000     12.0000000      0.3863000      0.0021000      0.0227980      0.0002220     -0.3000000   -999.0000000      7.0000000
     0.7930514     -0.1546033      0.2745960     10.0504102      4.9885903      1.9294927      3.7118422     -6.2780556      1.5015964      0.0412130      0.1032912      0.0672496      0.3204452      0.0106382      0.4807918      0.0037758      0.0180721      0.0305016      1.5040000      0.0060000      0.2006200      0.0002300     52.8799000      0.6227400   5148.0000000     18.0000000      0.8051000      0.0035000      0.4105850      0.0049260     -0.4400000   -999.0000000      2.0000000
     0.7078055      0.3086607      0.3024305      9.8660975     11.3446624      2.5007309      3.6227057     -7.5169638      0.5383233      0.0141622      0.0925066      0.2459191      0.5129288      0.1763730      0.8093308      0.0029972      0.0054619      0.0079583      0.5860000      0.0220000      0.0877800      0.0009700      3.0277100      0.0316900   4034.0000000     76.0000000      0.7176000      0.0280000      0.1227960      0.0030030      0.3900000      0.0800000      7.0000000
     0.4922721      0.1671228      0.3425154      8.8198185      9.4315085      2.6243910      3.5591588     -7.9019369      0.4647187      0.0167826      0.1112321      0.2984948      0.6019671      0.3547165      0.8821612      0.0050277      0.0050208      0.0106861      0.4540000      0.0190000      0.1078300      0.0028500      1.2537100      0.0111900   3676.0000000     77.0000000      0.4525000      0.0221000      0.0336960      0.0018060      0.1400000      0.0800000      7.0000000
     0.7705617      0.0032304      0.2739202     10.1264377      8.6830052      1.9912825      3.6833948     -6.9210132      0.8187018      0.0253908      0.0546510      0.1027214      0.3582177      0.0614020      0.4975944      0.0045075      0.0083888      0.0193900      0.8290000      0.0070000      0.1148400      0.0005000     12.0460000      0.1425900   4790.0000000     25.0000000      0.7759000      0.0073000      0.2854420      0.0041950      0.1400000   -999.0000000      2.0000000
     0.6135814      0.3262465      0.2929867      9.4201684      5.6421267      2.8480560      3.5832803     -7.1947530      0.9408992      0.0122474      0.0809366      0.2132546      0.5050550      0.0538487      0.9894517      0.0013219      0.0037533      0.0051217      0.9430000      0.0040000      0.1767700      0.0011800      6.3402100      0.0537100   3825.0000000     11.0000000      0.5735000      0.0044000      0.0634090      0.0010030      0.4900000   -999.0000000      7.0000000
     0.6412617      0.2897699      0.3060471      9.9167221     11.2173742      2.2477246      3.6007864     -7.6884011      0.4989648      0.0176562      0.1541415      0.2373380      0.5020559      0.1841631      0.8961652      0.0044539      0.0051488      0.0109630      0.5190000      0.0150000      0.0889700      0.0010200      2.0395100      0.0198000   3883.0000000     57.0000000      0.6266000      0.0193000      0.0805190      0.0020050      0.0500000   -999.0000000      7.0000000
     0.7712277     -0.1583553      0.2625558     10.1399846     16.5058407      1.5543621      3.7101792     -7.3126780      0.4603266      0.0375722      0.0908623      0.1074062      0.3674763      0.3140055      0.5226278      0.0050387      0.0199985      0.0116465      0.4650000      0.0040000      0.0596400      0.0005600      4.8194000      0.1445800   5087.0000000     44.0000000      0.8387000      0.0109000      0.4234280      0.0149860     -0.8300000   -999.0000000      2.0000000
     0.8247141     -0.1249423      0.2685151     10.1229860     12.4925157      1.9505843      3.7278318     -6.9245438      0.6479980      0.0616690      0.0464730      0.0798190      0.5227370      0.1132669      0.6114103      0.0099268      0.0452584      0.0300313      0.6740000      0.0140000      0.0800400      0.0003500     11.9156000      0.2383100   5298.0000000     61.0000000      0.9058000      0.0190000      0.5812500      0.0126880     -0.1100000      0.0300000      2.0000000
     0.6177473      0.1347774      0.3135068      9.7633750      6.2204174      1.6003354      3.5989604     -7.2149668      0.8622442      0.0218276      0.1529224      0.2560119      0.5069377      0.1300944      0.8819907      0.0042817      0.0049150      0.0176053      0.8710000      0.0150000      0.1621300      0.0023700      6.0882300      0.0590400   3940.0000000     35.0000000      0.5773000      0.0131000      0.0723810      0.0022290     -0.0400000   -999.0000000      7.0000000
     0.6137619      0.1156902      0.2785659      8.7775003      6.0983267      2.7747824      3.5974504     -7.2288935      0.8560026      0.0237811      0.1544740      0.2671876      0.6541815      0.1268555      0.9554835      0.0042717      0.0061294      0.0160587      0.8560000      0.0160000      0.1621300      0.0023700      5.9220000      0.0714100   3947.0000000     39.0000000      0.5673000      0.0137000      0.0704050      0.0022270     -0.0400000   -999.0000000      7.0000000
     0.7604483     -0.3200038      0.2823532      9.5366611      7.4504940      1.7754027      3.7041196     -6.7799208      0.8711413      0.0198898      0.0664809      0.1885296      0.3533029      0.0446814      0.7121872      0.0021325      0.0062012      0.0054399      0.8680000      0.0040000      0.1341400      0.0005100     16.5153000      0.1930700   5065.0000000     19.0000000      0.6954000      0.0041000      0.2868340      0.0040000     -0.4200000   -999.0000000      2.0000000
     0.6980085      0.2324653      0.2764291      9.2852413      4.8631956      2.7713096      3.6188169     -6.8223660      1.2235052      0.0168132      0.0980633      0.2144046      0.4737624      0.0180397      0.9289176      0.0016210      0.0040336      0.0096409      1.2250000      0.0080000      0.2052100      0.0005400     14.9496600      0.1221900   4159.0000000     16.0000000      0.6398000      0.0046000      0.1109420      0.0010780      0.2400000   -999.0000000      7.0000000
     0.4110874      0.4947517      0.3394559     10.1591625      4.4972078      2.6963666      3.5282062     -7.5136678      0.8383922      0.0083144      0.0179232      0.1431850      0.3023152      0.0871363      0.7612065      0.0012067      0.0070015      0.0053919      0.8740000      0.0050000      0.2046000      0.0028000      2.9402500      0.0353900   3279.0000000     14.0000000      0.4593000      0.0068000      0.0219500      0.0006560      0.1500000      0.0800000      7.0000000
     0.4038869      0.2960864      0.3053894     10.1387696      6.6969226      2.8998172      3.5367870     -7.8612927      0.5492688      0.0104805      0.1273035      0.4251023      0.6144970      0.1006971      1.0752796      0.0043010      0.0071212      0.0111661      0.5670000      0.0150000      0.1501000      0.0017000      1.3742000      0.0163700   3366.0000000     46.0000000      0.4060000      0.0117000      0.0190610      0.0004880     -0.1900000   -999.0000000      4.0000000
     0.4201426      0.0104816      0.2648752     10.0799759      2.5492564      2.8741632      3.5495203     -6.9626286      1.4333505      0.0086706      0.0684014      0.2945169      0.5650731      0.0061580      1.0542610      0.0024145      0.0047105      0.0163271      1.4320000      0.0130000      0.3926400      0.0006700     10.8213000      0.0956700   3548.0000000     18.0000000      0.3924000      0.0033000      0.0219360      0.0002080     -0.3800000   -999.0000000      7.0000000
     0.4208491      0.0274628      0.2793061     10.1239997      4.8569842      0.6541246      3.5549172     -7.5119818      0.7479687      0.0111390      0.1399951      0.3302159      0.6295895      0.0323995      1.0909065      0.0039561      0.0076874      0.0149839      0.7640000      0.0170000      0.2062700      0.0010000      3.0865900      0.0422600   3550.0000000     41.0000000      0.3982000      0.0091000      0.0226710      0.0003800     -0.3700000   -999.0000000      7.0000000
     0.4610653      0.2645907      0.3458119     10.0791637      9.9030697      2.8994276      3.5474613     -8.0807817      0.4043939      0.0171441      0.1549427      0.4166451      0.5920814      0.3241943      1.1048839      0.0052812      0.0063980      0.0099891      0.4170000      0.0130000      0.0986100      0.0023300      0.8276600      0.0093200   3458.0000000     55.0000000      0.4546000      0.0182000      0.0265990      0.0012920      0.0100000   -999.0000000      7.0000000
     0.7118834     -0.3938544      0.2755072      9.4716794      9.0751231      1.7005258      3.6886396     -7.0564093      0.6829604      0.0144659      0.0686273      0.1178468      0.3528916      0.0540923      0.7286004      0.0027699      0.0036400      0.0077877      0.6790000      0.0070000      0.1099900      0.0004100      8.7658000      0.0600000   4888.0000000     27.0000000      0.6784200      0.0054800      0.2264370      0.0022920     -1.2600000   -999.0000000      3.0000000
     0.8045655     -0.0414189      0.2668349      9.9261299     11.1383183      1.9771562      3.6964640     -7.1080173      0.6214893      0.0327725      0.1032946      0.1792782      0.4343270      0.1494440      0.8071968      0.0031937      0.0077858      0.0079827      0.6220000      0.0060000      0.0903200      0.0007400      7.7674000      0.1142000   4955.0000000     30.0000000      0.7405000      0.0094000      0.2975560      0.0065510     -0.2400000   -999.0000000      2.0000000
     0.5082865      0.0369586      0.2741545     10.1532920      7.6600213      2.8470625      3.5706926     -7.6551204      0.5804378      0.0124018      0.1182805      0.3117907      0.6475995      0.0893284      1.0267495      0.0037347      0.0046535      0.0103565      0.5930000      0.0160000      0.1306200      0.0010500      2.2061400      0.0182200   3705.0000000     51.0000000      0.4882000      0.0315000      0.0404090      0.0007300     -0.0900000      0.0800000      7.0000000
     0.5113884      0.1949116      0.2926667     10.1399178      5.4088656      2.6749328      3.5619839     -7.3943502      0.8252419      0.0129214      0.1022406      0.2834791      0.6441203      0.0457148      0.8985262      0.0037234      0.0077022      0.0142257      0.8350000      0.0140000      0.1854900      0.0011000      4.0127200      0.0525100   3626.0000000     33.0000000      0.4840000      0.0084000      0.0364470      0.0006440     -0.3100000   -999.0000000      7.0000000
     0.8675668     -0.1411222      0.2668285      9.9612007      7.5967164      1.7306148      3.7278122     -6.5892472      0.9751531      0.0506372      0.1260039      0.0714560      0.5325558      0.1096626      0.4943892      0.0059668      0.0180230      0.0212073      0.9730000      0.0090000      0.1323800      0.0008200     25.8044000      0.3077000   5349.0000000     29.0000000      0.7910000      0.0080000      0.4601620      0.0079120     -0.9200000   -999.0000000      2.0000000
     0.1224695      0.0332051      0.3111354     10.1240822      1.2949840      2.8974926      3.4823999     -7.5112562      1.0502339      0.0020172      0.2096539      0.3165841      0.6658155      0.0065272      1.0709582      0.0060540      0.0126947      0.0292187      1.0110000      0.0520000      0.7716400      0.0026000      3.0602000      0.0612000   3079.0000000     81.0000000      0.1410000      0.0070000      0.0016060      0.0000340      0.0000000   -999.0000000      5.0000000
     0.8004489     -0.1480052      0.2973498     10.1253383      1.3360893      1.8394499      3.7169235     -5.0532179      5.9713494      0.0313473      0.0749039      0.0673192      0.1585499      0.0043334      0.4509956      0.0063139      0.0295596      0.1669304      6.0000000      0.0210000      0.7471000      0.0012000    865.4461100     17.3089000   5184.0000000     27.0000000      0.8671500      0.0028700      0.4845560      0.0098150      0.2100000   -999.0000000      3.0000000
     0.9247988     -0.1408856      0.2586123     10.1382677      6.7036054      1.4223470      3.7457860     -6.3470268      1.1780392      0.0768389      0.1076155      0.0991620      0.5287419      0.0600955      0.5219084      0.0123508      0.0619073      0.0546191      1.1960000      0.0140000      0.1489800      0.0004800     45.3513900      0.2972900   5555.0000000     34.0000000      0.8627000      0.0107000      0.6385520      0.0058700     -0.1600000   -999.0000000      2.0000000
     0.7703103      0.0339817      0.2466833      9.9140405      5.8686016      1.8746058      3.6708823     -6.6978305      1.1178898      0.0235215      0.1453740      0.1508576      0.4304685      0.0489081      0.7350071      0.0052177      0.0036350      0.0282709      1.1770000      0.0300000      0.1698500      0.0008200     20.0192000      0.1329000   4564.0000000     59.0000000      0.7390000      0.0190000      0.2168590      0.0025410     -0.0600000   -999.0000000      3.0000000
     0.3152316     -0.0411293      0.3006667      9.2687625      6.2541956      2.5498446      3.5390681     -8.0166319      0.4491626      0.0106288      0.1548149      0.2730122      0.5300918      0.0818580      0.9261516      0.0042410      0.0045187      0.0089738      0.4460000      0.0140000      0.1601200      0.0013300      0.9608500      0.0076700   3471.0000000     55.0000000      0.2990000      0.0100000      0.0117120      0.0002160     -0.1500000   -999.0000000      7.0000000
     0.9323557     -0.1398355      0.2790128     10.1393032     17.5993491      1.6131517      3.7492408     -7.1726584      0.4487621      0.0794723      0.1068349      0.0843803      0.5946204      0.2147974      0.5838211      0.0128038      0.0670534      0.0183601      0.4590000      0.0170000      0.0569100      0.0003400      6.7864900      0.1357300   5577.0000000    107.0000000      0.8668000      0.0324000      0.6548310      0.0152560      0.3300000   -999.0000000      2.0000000
     0.3390424     -0.1972034      0.3339978     10.1380255      6.5195895      2.5993416      3.5436128     -7.9622881      0.4677097      0.0071618      0.1024498      0.3647779      0.6334911      0.0634306      0.8475982      0.0028218      0.0057284      0.0058688      0.4750000      0.0130000      0.1534600      0.0009900      1.0874100      0.0120100   3469.0000000     48.0000000      0.3328000      0.0093000      0.0144300      0.0002450     -0.3500000      0.0800000      7.0000000
     0.8622971     -0.1401350      0.2456523     10.1048084      9.7790453      1.9228674      3.7256403     -6.8279861      0.7448272      0.0492949      0.1382040      0.0793824      0.5502006      0.0933919      0.4712002      0.0070462      0.0361915      0.0209096      0.7240000      0.0110000      0.1025500      0.0004000     14.8801000      0.0900000   5404.0000000     42.0000000      0.7591000      0.0122000      0.4421770      0.0043650      0.0400000   -999.0000000      3.0000000
     0.5421208      0.2040274      0.3076263     10.1548634     10.2706952      2.8235758      3.5687897     -7.8877780      0.4616862      0.0143334      0.1024722      0.3312231      0.6363365      0.2087112      1.0349219      0.0035624      0.0056619      0.0085026      0.4840000      0.0120000      0.0966700      0.0013900      1.2984000      0.0128600   3592.0000000     45.0000000      0.5387000      0.0157000      0.0434200      0.0013210      0.0300000      0.0800000      7.0000000
     0.6784386      0.1459646      0.2908013      9.6736185      7.6902936      2.3247016      3.6214276     -7.2251325      0.7698630      0.0190027      0.0977214      0.1869989      0.4514978      0.0657609      0.9000724      0.0023111      0.0034760      0.0078131      0.7680000      0.0070000      0.1298600      0.0007300      5.9265400      0.0446000   4168.0000000     21.0000000      0.6359000      0.0071000      0.1098280      0.0014860      0.1900000   -999.0000000      7.0000000
     0.8558058     -0.1397449      0.2669148      9.9701480     12.7813666      1.9995104      3.7219058     -7.0826334      0.5644473      0.0423151      0.1013014      0.0863083      0.5071141      0.1016560      0.5702446      0.0061075      0.0124152      0.0145858      0.5730000      0.0100000      0.0781100      0.0003000      8.2539000      0.1000000   5242.0000000     48.0000000      0.7891000      0.0144000      0.4227730      0.0060650     -0.5200000   -999.0000000      2.0000000
     0.4394823      0.3020513      0.3373745     10.1500336      4.5203025      2.8749878      3.5377436     -7.4715667      0.8425093      0.0081950      0.0942525      0.3484353      0.6802876      0.0279678      1.0327379      0.0029580      0.0049387      0.0120560      0.8590000      0.0140000      0.2208400      0.0009400      3.3631300      0.0283100   3421.0000000     29.0000000      0.4183000      0.0070000      0.0215500      0.0002580      0.0500000   -999.0000000      7.0000000
     0.8139370     -0.1260307      0.2708198      9.9450278      7.5073506      1.9650899      3.7158237     -6.6166940      1.0000824      0.0374321      0.0834933      0.0711471      0.3073923      0.0554558      0.4554039      0.0031493      0.0137658      0.0179744      1.0000000      0.0040000      0.1327600      0.0005000     24.2500000      0.2825400   5195.0000000     18.0000000      0.8101000      0.0045000      0.4299700      0.0059650     -0.1400000   -999.0000000      2.0000000
     0.1657848     -0.0957318      0.2491507      8.7901880      1.8222794      2.8725004      3.5074153     -7.4842954      0.9554140      0.0015901      0.0754268      0.2568192      0.6562579      0.0075624      1.0743429      0.0013205      0.0074529      0.0064752      0.9520000      0.0050000      0.5483100      0.0015100      3.2629200      0.0565900   3225.0000000     16.0000000      0.1869000      0.0012000      0.0033920      0.0000620     -0.4000000   -999.0000000      7.0000000
     0.8302849     -0.1374043      0.2849557      9.9085219      5.0997697      1.8937458      3.7293663     -6.1900657      1.5141564      0.0362322      0.0414354      0.0771314      0.2751497      0.0408318      0.4463789      0.0081544      0.0329740      0.0135083      1.5150000      0.0050000      0.1959600      0.0008700     64.3329600      1.8793900   5386.0000000     40.0000000      0.8310000      0.0044000      0.5235520      0.0159860     -0.0100000   -999.0000000      2.0000000
     0.7321248      0.0727336      0.2670227      8.7753753      5.1027968      2.7501797      3.6468726     -6.7095323      1.2220799      0.0313549      0.1325029      0.2745820      0.6390562      0.0311860      0.9825081      0.0035082      0.0102526      0.0164517      1.2210000      0.0150000      0.1959600      0.0008700     19.4020000      0.4120000   4446.0000000     36.0000000      0.6697000      0.0089000      0.1578970      0.0036340     -0.1200000   -999.0000000      2.0000000
     0.8231560     -0.0893832      0.2745029     10.1238703     11.0344077      1.8383876      3.7048408     -7.0330976      0.6517728      0.0342501      0.0971422      0.1045125      0.4780600      0.0846060      0.4701024      0.0047990      0.0084583      0.0166437      0.6660000      0.0060000      0.0907100      0.0003000      9.2785000      0.0594400   5006.0000000     24.0000000      0.7897000      0.0077000      0.3523940      0.0032450     -0.3300000   -999.0000000      2.0000000
     0.8721900     -0.1377738      0.2678898     10.0055306      3.6491913      1.9019304      3.7304482     -5.9211137      2.0720431      0.0546841      0.0844830      0.0666972      0.4258877      0.0046190      0.5477095      0.0073148      0.0278513      0.0622361      2.0780000      0.0310000      0.2739600      0.0001700    119.8023000      1.3945000   5373.0000000     43.0000000      0.8153900      0.0121700      0.4988300      0.0058390     -0.6000000   -999.0000000      2.0000000
     0.3673915      0.1988013      0.2860811     10.0495384      3.5157167      0.9075606      3.5327499     -7.4068583      0.9317460      0.0067934      0.0570428      0.3182812      0.5646041      0.0304954      0.8926739      0.0020986      0.0058175      0.0095033      0.9370000      0.0080000      0.2830000      0.0016900      3.8975100      0.0449000   3398.0000000     17.0000000      0.3561000      0.0039000      0.0152080      0.0002520     -0.2300000   -999.0000000      7.0000000
     0.2782509      0.4899744      0.2958773     10.1399526      3.5106310      0.6851290      3.5116288     -7.6410290      0.7815942      0.0088327      0.0420194      0.2211983      0.5568567      0.0291701      1.0455579      0.0016531      0.0103173      0.0095501      0.8510000      0.0150000      0.2830000      0.0016900      2.2445300      0.0375400   3106.0000000     30.0000000      0.3232000      0.0061000      0.0087580      0.0001800     -0.3000000   -999.0000000      7.0000000
     0.4985558      0.2210194      0.2703920     10.0492840      5.8467614      2.8001722      3.5552381     -7.5186047      0.7354842      0.0095953      0.0664575      0.2970648      0.5290359      0.0480450      0.9907093      0.0020167      0.0039396      0.0068932      0.7470000      0.0080000      0.1703600      0.0010000      3.0174400      0.0229600   3570.0000000     20.0000000      0.4713000      0.0060000      0.0324910      0.0004550      0.1000000      0.0800000      7.0000000
     0.8821179     -0.1403515      0.2649357     10.0799568     10.0594533      1.7692855      3.7341694     -6.7865890      0.7468853      0.0571957      0.0933829      0.0651797      0.4942889      0.1175611      0.6130805      0.0086921      0.0255007      0.0274249      0.7630000      0.0210000      0.0993300      0.0005300     16.4083000      0.1966000   5394.0000000     76.0000000      0.8190000      0.0240000      0.5197140      0.0083390     -0.0400000   -999.0000000      2.0000000
     0.8513150     -0.1376474      0.2729849     10.0487236      5.7520188      1.8954939      3.7203128     -6.3994012      1.2599465      0.0499688      0.1320243      0.0904957      0.4765750      0.0114910      0.5150412      0.0042072      0.0111747      0.0234182      1.2540000      0.0120000      0.1737700      0.0001800     39.8109000      0.4271600   5251.0000000     29.0000000      0.7780000      0.0080000      0.4120160      0.0045020     -0.3100000   -999.0000000      2.0000000
     0.5775900      0.2689741      0.2484390     10.1547076      7.0489870      1.8259606      3.5743731     -7.4736938      0.7160052      0.0126960      0.0900009      0.2440959      0.6174126      0.0478943      0.8917842      0.0024548      0.0055911      0.0080514      0.7220000      0.0080000      0.1418700      0.0006400      3.3480900      0.0360300   3727.0000000     23.0000000      0.5472000      0.0067000      0.0519850      0.0007300     -0.0600000   -999.0000000      7.0000000
     0.7224605      0.2046584      0.2906639      9.7501205      3.4997012      2.8954877      3.6334777     -6.4489731      1.7676099      0.0214757      0.1071077      0.2563009      0.5048679      0.0100322      1.1141307      0.0020860      0.0057803      0.0174894      1.7750000      0.0130000      0.2860400      0.0005600     35.4910000      0.4440000   4289.0000000     21.0000000      0.6611000      0.0048000      0.1355580      0.0017770     -0.1900000   -999.0000000      7.0000000
     0.6312823      0.0972409      0.2828973      9.6015014      3.4957188      2.8249817      3.6077464     -6.6517743      1.5776786      0.0202657      0.1202773      0.2142861      0.5350590      0.0101865      0.9954809      0.0032777      0.0042966      0.0247016      1.5810000      0.0220000      0.2860400      0.0005600     22.2523800      0.1923500   4044.0000000     29.0000000      0.6010000      0.0072000      0.0849930      0.0008070     -0.2200000   -999.0000000      7.0000000
     0.7744827      0.1930918      0.2893119      9.9001537      3.6200748      2.8941455      3.6614764     -6.2878845      1.8697806      0.0216035      0.0847949      0.1537359      0.2933576      0.0058093      1.0893559      0.0031650      0.0111638      0.0271844      1.8810000      0.0170000      0.2760600      0.0002800     51.4025000      1.0280000   4570.0000000     31.0000000      0.7320000      0.0060000      0.2107840      0.0042370     -0.0700000   -999.0000000      3.0000000
     0.5840843      0.2215916      0.3064378     10.1396157     10.0286415      2.7993463      3.5798075     -7.7458523      0.5095410      0.0139801      0.0965927      0.2559659      0.5922460      0.2059764      0.9874270      0.0035728      0.0043621      0.0086597      0.5320000      0.0140000      0.0976100      0.0015300      1.7910800      0.0148100   3713.0000000     49.0000000      0.5863000      0.0179000      0.0587470      0.0019050      0.1700000      0.0800000      7.0000000
     0.3393809      0.4953769      0.3128176     10.1100196      4.6313514      1.9968347      3.5199627     -7.7124806      0.6946933      0.0085641      0.0298425      0.2260016      0.3847065      0.0683313      0.7822515      0.0011502      0.0047421      0.0051377      0.7460000      0.0090000      0.2132800      0.0021200      1.9156600      0.0151700   3189.0000000     20.0000000      0.3761000      0.0059000      0.0131610      0.0002820      0.1700000      0.0800000      7.0000000
     0.5807085      0.3319081      0.3172933      9.7345573      6.8323061      2.0757873      3.5717462     -7.4502126      0.7412667      0.0108800      0.0726380      0.2537231      0.4887797      0.0650331      0.8296039      0.0014889      0.0037994      0.0047312      0.7440000      0.0040000      0.1460900      0.0010000      3.5448500      0.0271500   3724.0000000     12.0000000      0.5477000      0.0048000      0.0519060      0.0008140      0.2100000   -999.0000000      7.0000000
     0.4894714     -0.0350013      0.3761475     10.1525535      3.2769033      2.7500401      3.5713902     -6.9613486      1.3051218      0.0138706      0.1398071      0.3477923      0.6952251      0.0105455      0.9626182      0.0039271      0.0092141      0.0255066      1.3040000      0.0320000      0.3052600      0.0007000     10.8945000      0.1680200   3724.0000000     48.0000000      0.4712000      0.0086000      0.0365370      0.0005880     -0.0600000   -999.0000000      7.0000000
     0.7694235     -0.0009320      0.2881819     10.1113559      6.5419737      2.1341194      3.6806305     -6.6806978      1.0926143      0.0215068      0.0776317      0.0604909      0.4666775      0.0247373      0.3990758      0.0057510      0.0074966      0.0320927      1.1060000      0.0070000      0.1527600      0.0002900     20.8979400      0.1220800   4759.0000000     17.0000000      0.7784000      0.0053000      0.2798630      0.0019500     -0.0500000   -999.0000000      2.0000000
     0.4091408      0.3154600      0.3163290     10.1249235      6.1556902      2.6493235      3.5345115     -7.7942865      0.5939172      0.0096261      0.0700382      0.4790489      0.5109626      0.0877036      0.8980241      0.0027538      0.0115167      0.0086482      0.6230000      0.0100000      0.1617600      0.0016600      1.5921600      0.0332500   3332.0000000     32.0000000      0.4139000      0.0076000      0.0190150      0.0005570      0.0300000      0.0800000      7.0000000
     0.1551525      0.4085212      0.2969989     10.0176868      3.1499733      2.2408883      3.4763792     -8.1125003      0.5344605      0.0021651      0.0112764      0.1846287      0.5320738      0.0103623      0.6350611      0.0011420      0.0118535      0.0051201      0.6080000      0.0080000      0.3167000      0.0007000      0.7589300      0.0118200   2802.0000000     21.0000000      0.2070000      0.0029000      0.0023650      0.0000380      0.2300000      0.0800000      7.0000000
     0.7671744     -0.1291671      0.2601625     10.1391429     16.7786639      2.1244959      3.7148659     -7.3674173      0.4240488      0.0416244      0.1441699      0.1063001      0.6174610      0.2924828      0.6954782      0.0070236      0.0161580      0.0139436      0.4330000      0.0140000      0.0594600      0.0005900      4.2998000      0.0860000   5123.0000000     87.0000000      0.7821000      0.0258000      0.3800670      0.0107080     -0.2800000   -999.0000000      2.0000000
