     0.7709936      0.0861019      0.2892215     10.1229559      7.2005290      0.9475142      3.6714086     -6.7655743      1.0260450      0.0379076      0.2585851      0.2375795      0.4480780      0.0377380      0.3560389      0.0021904      0.0031667      0.0084340      1.0300000      0.0070000      0.1392700      0.0004500     17.1834000      0.1059100   4696.0000000     18.0000000      0.7949000      0.0062000      0.2768570      0.0024720     -0.2700000   -999.0000000      2.0000000
     0.8132850     -0.0797184      0.3067930      9.8426830     10.3828248      1.5036286      3.7097414     -6.9349077      0.7122528      0.0272405      0.1134810      0.4215510      0.4336610      0.0620824      0.2726354      0.0025925      0.0094773      0.0067039      0.7130000      0.0060000      0.0966000      0.0004000     11.5675000      0.2313500   5113.0000000     33.0000000      0.7935000      0.0072000      0.3873880      0.0083860      0.0800000   -999.0000000      3.0000000
     0.8078185     -0.0536628      0.2904159      9.4231311      3.2173800      1.5713758      3.7045146     -5.9910360      2.1580818      0.0333089      0.1656917      0.3451317      0.3678928      0.0022959      0.5067810      0.0029699      0.0061221      0.0341978      2.1480000      0.0290000      0.3109400      0.0001600    102.3041000      1.1903300   5080.0000000     37.0000000      0.7350000      0.0050000      0.3306750      0.0038620     -0.1600000   -999.0000000      2.0000000
     0.4170172     -0.1166236      0.1272512      8.8398469      3.5877879      2.7891588      3.5565054     -7.2456332      1.0068503      0.0065821      0.0816501      7.8675910      0.5493785      0.0148351      0.8083183      0.0012062      0.0038892      0.0052224      1.0050000      0.0050000      0.2787600      0.0007700      5.6687900      0.0454000   3603.0000000     12.0000000      0.3863000      0.0021000      0.0227980      0.0002220     -0.3000000   -999.0000000      7.0000000
     0.8061796     -0.1109732      0.2643433      9.9619783      4.9819059      1.4935598      3.7120728     -6.2774067      1.5070312      0.0420993      0.1479987      0.2757528      0.4813182      0.0087767      0.3928142      0.0018256      0.0062074      0.0068649      1.5040000      0.0060000      0.2006200      0.0002300     52.8799000      0.6227400   5148.0000000     18.0000000      0.8051000      0.0035000      0.4105850      0.0049260     -0.4400000   -999.0000000      2.0000000
     0.7173509      0.4188945      0.3785415      9.9414761     11.3780539      1.1025891      3.6138512     -7.5191279      0.5663621      0.0178820      0.1117918      2.1575973      0.5530633      0.1774445      0.6964431      0.0068750      0.0052185      0.0183044      0.5860000      0.0220000      0.0877800      0.0009700      3.0277100      0.0316900   4034.0000000     76.0000000      0.7176000      0.0280000      0.1227960      0.0030030      0.3900000      0.0800000      7.0000000
     0.5000742      0.1166959      0.2136516      8.8503396      9.1849418      2.7434046      3.5608438     -7.9000689      0.4620664      0.0161231      0.1091083      5.4775397      0.5698971      0.3311763      0.8843553      0.0050823      0.0047918      0.0111025      0.4540000      0.0190000      0.1078300      0.0028500      1.2537100      0.0111900   3676.0000000     77.0000000      0.4525000      0.0221000      0.0336960      0.0018060      0.1400000      0.0800000      7.0000000
     0.7687249      0.0769417      0.2855665     10.1142033      8.7308039      1.1631323      3.6805886     -6.9205471      0.8298653      0.0324753      0.1687514      0.3629547      0.5110500      0.0659205      0.4692522      0.0025140      0.0055128      0.0076449      0.8290000      0.0070000      0.1148400      0.0005000     12.0460000      0.1425900   4790.0000000     25.0000000      0.7759000      0.0073000      0.2854420      0.0041950      0.1400000   -999.0000000      2.0000000
     0.6141382      0.3322361      0.3559459      9.7351424      5.6741155      2.7749112      3.5824442     -7.1975748      0.9430828      0.0125583      0.1197465      3.1291144      0.4872563      0.0542549      0.8058673      0.0011568      0.0036137      0.0045020      0.9430000      0.0040000      0.1767700      0.0011800      6.3402100      0.0537100   3825.0000000     11.0000000      0.5735000      0.0044000      0.0634090      0.0010030      0.4900000   -999.0000000      7.0000000
     0.6454144      0.2774953      0.3441782     10.0404884     11.1740987      0.7219234      3.5937120     -7.6916586      0.5099528      0.0210253      0.1993063      1.7678888      0.5839882      0.2000635      0.9488263      0.0058194      0.0048868      0.0141403      0.5190000      0.0150000      0.0889700      0.0010200      2.0395100      0.0198000   3883.0000000     57.0000000      0.6266000      0.0193000      0.0805190      0.0020050      0.0500000   -999.0000000      7.0000000
     0.8055194     -0.4482274      0.3351775     10.0810908     16.8558952      1.0416770      3.7089132     -7.3114200      0.4654166      0.0375987      0.1715883      0.8580493      0.5113107      0.2115737      0.2328601      0.0043560      0.0149958      0.0049782      0.4650000      0.0040000      0.0596400      0.0005600      4.8194000      0.1445800   5087.0000000     44.0000000      0.8387000      0.0109000      0.4234280      0.0149860     -0.8300000   -999.0000000      2.0000000
     0.8971894     -0.0960839      0.2731328     10.0935370     12.5105772      1.4239602      3.7241501     -6.9228207      0.6729372      0.0474632      0.0459028      0.9530218      0.3946141      0.0813373      0.2520470      0.0064877      0.0107146      0.0145916      0.6740000      0.0140000      0.0800400      0.0003500     11.9156000      0.2383100   5298.0000000     61.0000000      0.9058000      0.0190000      0.5812500      0.0126880     -0.1100000      0.0300000      2.0000000
     0.6057144      0.0996760      0.2069957     10.0679909      6.2307451      2.6178555      3.5942855     -7.2147702      0.8761998      0.0246441      0.1902863      2.8947208      0.6084648      0.1309969      0.9067940      0.0035250      0.0051095      0.0143736      0.8710000      0.0150000      0.1621300      0.0023700      6.0882300      0.0590400   3940.0000000     35.0000000      0.5773000      0.0131000      0.0723810      0.0022290     -0.0400000   -999.0000000      7.0000000
     0.5901441      0.0130708      0.3562681     10.0646671      6.1236756      0.9994056      3.5955786     -7.2301993      0.8547598      0.0234591      0.1844799      3.3259102      0.5995389      0.1268215      0.8969098      0.0035245      0.0060069      0.0143070      0.8560000      0.0160000      0.1621300      0.0023700      5.9220000      0.0714100   3947.0000000     39.0000000      0.5673000      0.0137000      0.0704050      0.0022270     -0.0400000   -999.0000000      7.0000000
     0.7480901     -0.4527241      0.3004550      9.3817735      7.4531355      1.7259212      3.7036631     -6.7822210      0.8698864      0.0272588      0.1488335      4.3505500      0.4105375      0.0413876      0.5611365      0.0014751      0.0050339      0.0045150      0.8680000      0.0040000      0.1341400      0.0005100     16.5153000      0.1930700   5065.0000000     19.0000000      0.6954000      0.0041000      0.2868340      0.0040000     -0.4200000   -999.0000000      2.0000000
     0.6934299      0.2223808      0.1284249      9.8838506      4.8693921      2.0586108      3.6192501     -6.8230008      1.2221424      0.0224670      0.1623560      1.4853405      0.5161854      0.0183342      0.6885269      0.0015813      0.0036149      0.0084704      1.2250000      0.0080000      0.2052100      0.0005400     14.9496600      0.1221900   4159.0000000     16.0000000      0.6398000      0.0046000      0.1109420      0.0010780      0.2400000   -999.0000000      7.0000000
     0.4335084      0.3998169      0.3924738     10.1391984      4.5873826      0.5456822      3.5241106     -7.5202802      0.8517539      0.0093281      0.0170838      1.0470713      0.2571828      0.0872980      0.0621474      0.0012197      0.0059081      0.0052843      0.8740000      0.0050000      0.2046000      0.0028000      2.9402500      0.0353900   3279.0000000     14.0000000      0.4593000      0.0068000      0.0219500      0.0006560      0.1500000      0.0800000      7.0000000
     0.4126100      0.2585645      0.4777167     10.0541655      6.6615639      0.6796368      3.5337367     -7.8618706      0.5470487      0.0109920      0.1378460      3.2776665      0.5909720      0.1046549      0.9549349      0.0044476      0.0065386      0.0122235      0.5670000      0.0150000      0.1501000      0.0017000      1.3742000      0.0163700   3366.0000000     46.0000000      0.4060000      0.0117000      0.0190610      0.0004880     -0.1900000   -999.0000000      4.0000000
     0.4182479     -0.0000982      1.0102514     10.0556021      2.5429680      0.8788895      3.5501977     -6.9671967      1.4247129      0.0086236      0.1027333      4.8041789      0.5959846      0.0059574      0.9188853      0.0021529      0.0042343      0.0143384      1.4320000      0.0130000      0.3926400      0.0006700     10.8213000      0.0956700   3548.0000000     18.0000000      0.3924000      0.0033000      0.0219360      0.0002080     -0.3800000   -999.0000000      7.0000000
     0.4137570     -0.1809118      0.5976369     10.0797149      4.8549916      0.6998775      3.5537971     -7.5108820      0.7479220      0.0111799      0.1507282      4.6613984      0.6056655      0.0322334      0.9569806      0.0039709      0.0066236      0.0146610      0.7640000      0.0170000      0.2062700      0.0010000      3.0865900      0.0422600   3550.0000000     41.0000000      0.3982000      0.0091000      0.0226710      0.0003800     -0.3700000   -999.0000000      7.0000000
     0.4610314      0.2835732     -0.1696595     10.0706317      9.9866344      0.6811819      3.5426107     -8.0813355      0.4107239      0.0179812      0.1627417      4.3290814      0.5696047      0.3245899      0.9931800      0.0053086      0.0057786      0.0107888      0.4170000      0.0130000      0.0986100      0.0023300      0.8276600      0.0093200   3458.0000000     55.0000000      0.4546000      0.0182000      0.0265990      0.0012920      0.0100000   -999.0000000      7.0000000
     0.7038646     -0.4749987      0.4904660      9.6796035      9.1045855      1.5763045      3.6891134     -7.0569139      0.6774317      0.0160644      0.0730674      1.7878629      0.4357910      0.0488622      0.5330916      0.0023221      0.0032110      0.0073362      0.6790000      0.0070000      0.1099900      0.0004100      8.7658000      0.0600000   4888.0000000     27.0000000      0.6784200      0.0054800      0.2264370      0.0022920     -1.2600000   -999.0000000      3.0000000
     0.7931047     -0.1061487      0.2672269      9.9485602     11.0284217      1.5346435      3.6957631     -7.1084154      0.6246033      0.0311903      0.1788794      0.7801340      0.5152101      0.1318888      0.5485281      0.0025214      0.0070213      0.0069648      0.6220000      0.0060000      0.0903200      0.0007400      7.7674000      0.1142000   4955.0000000     30.0000000      0.7405000      0.0094000      0.2975560      0.0065510     -0.2400000   -999.0000000      2.0000000
     0.5016774     -0.0215464      0.2226679     10.0701873      7.6447830      0.7821751      3.5691518     -7.6583514      0.5907083      0.0112842      0.1157691      4.2210307      0.5818884      0.0868884      0.9711990      0.0041835      0.0043098      0.0110539      0.5930000      0.0160000      0.1306200      0.0010500      2.2061400      0.0182200   3705.0000000     51.0000000      0.4882000      0.0315000      0.0404090      0.0007300     -0.0900000      0.0800000      7.0000000
     0.5132827      0.1020454      0.1878154     10.0763098      5.3906566      0.6935035      3.5596366     -7.3982428      0.8323395      0.0134890      0.1460849      5.0291304      0.5887375      0.0474792      0.9973196      0.0035038      0.0065166      0.0134628      0.8350000      0.0140000      0.1854900      0.0011000      4.0127200      0.0525100   3626.0000000     33.0000000      0.4840000      0.0084000      0.0364470      0.0006440     -0.3100000   -999.0000000      7.0000000
     0.8626083     -0.1755950      0.2723536      9.9749091      7.5653980      1.8858267      3.7278400     -6.5879868      0.9792240      0.0369066      0.1470913      0.2041214      0.5226125      0.0822677      0.3950273      0.0028375      0.0062613      0.0119566      0.9730000      0.0090000      0.1323800      0.0008200     25.8044000      0.3077000   5349.0000000     29.0000000      0.7910000      0.0080000      0.4601620      0.0079120     -0.9200000   -999.0000000      2.0000000
     0.1199127     -0.1112239      0.4316154     10.0285771      1.2973995      2.7087040      3.4808406     -7.5165163      1.0418217      0.0020257      0.2098986      4.7130518      0.6027037      0.0059480      0.9730749      0.0058514      0.0109768      0.0291462      1.0110000      0.0520000      0.7716400      0.0026000      3.0602000      0.0612000   3079.0000000     81.0000000      0.1410000      0.0070000      0.0016060      0.0000340      0.0000000   -999.0000000      5.0000000
     0.8754428     -0.0716255      0.2595160     10.1117662      1.3377231      1.3856580      3.7150080     -5.0660399      6.0019806      0.0463514      0.1445599      0.2208510      0.5033426      0.0034593      0.3681575      0.0028278      0.0121129      0.0280849      6.0000000      0.0210000      0.7471000      0.0012000    865.4461100     17.3089000   5184.0000000     27.0000000      0.8671500      0.0028700      0.4845560      0.0098150      0.2100000   -999.0000000      3.0000000
     0.8906754     -0.1304883      0.2845981      9.7413595      6.7236794      1.8245171      3.7452815     -6.3442409      1.2045635      0.0335917      0.0865022      0.1503925      0.3101019      0.0347168      0.3895408      0.0037936      0.0037470      0.0213252      1.1960000      0.0140000      0.1489800      0.0004800     45.3513900      0.2972900   5555.0000000     34.0000000      0.8627000      0.0107000      0.6385520      0.0058700     -0.1600000   -999.0000000      2.0000000
     0.7692269      0.1050412      0.2784649      9.6864488      5.8824485      1.0013122      3.6620231     -6.6984923      1.1711769      0.0360002      0.2548782      0.6665275      0.5083033      0.0468144      0.6531047      0.0058158      0.0033328      0.0319210      1.1770000      0.0300000      0.1698500      0.0008200     20.0192000      0.1329000   4564.0000000     59.0000000      0.7390000      0.0190000      0.2168590      0.0025410     -0.0600000   -999.0000000      3.0000000
     0.3048695     -0.0766505      0.2361389     10.0165504      6.2597288      2.6809851      3.5389342     -8.0160459      0.4487819      0.0107796      0.1575441      1.9018457      0.5878013      0.0800623      0.9031729      0.0046820      0.0035670      0.0095530      0.4460000      0.0140000      0.1601200      0.0013300      0.9608500      0.0076700   3471.0000000     55.0000000      0.2990000      0.0100000      0.0117120      0.0002160     -0.1500000   -999.0000000      7.0000000
     0.8924506     -0.1211571      0.2319026      9.8167194     17.6194910      1.4669073      3.7485871     -7.1694202      0.4740525      0.0456563      0.1194318      0.4516349      0.4303885      0.1685200      0.5954652      0.0102836      0.0115037      0.0192729      0.4590000      0.0170000      0.0569100      0.0003400      6.7864900      0.1357300   5577.0000000    107.0000000      0.8668000      0.0324000      0.6548310      0.0152560      0.3300000   -999.0000000      2.0000000
     0.3366370     -0.2366227      0.2150945     10.0401011      6.5103474      0.7009443      3.5436714     -7.9647963      0.4667639      0.0079645      0.0972844      3.8225813      0.5882201      0.0589829      0.9693763      0.0034558      0.0053532      0.0076458      0.4750000      0.0130000      0.1534600      0.0009900      1.0874100      0.0120100   3469.0000000     48.0000000      0.3328000      0.0093000      0.0144300      0.0002450     -0.3500000      0.0800000      7.0000000
     0.8533613     -0.1373603      0.2404399      9.5616922      9.7479575      2.2742926      3.7293497     -6.8272908      0.7345059      0.0280588      0.1175939      0.2441309      0.4354571      0.0618339      0.5527620      0.0044543      0.0033698      0.0172361      0.7240000      0.0110000      0.1025500      0.0004000     14.8801000      0.0900000   5404.0000000     42.0000000      0.7591000      0.0122000      0.4421770      0.0043650      0.0400000   -999.0000000      3.0000000
     0.5380514      0.1465150      0.2825732     10.1019252     10.1860601      0.6427917      3.5620598     -7.8880872      0.4668548      0.0145340      0.0938422      1.9210735      0.5952747      0.2079063      0.8341926      0.0046086      0.0051500      0.0105913      0.4840000      0.0120000      0.0966700      0.0013900      1.2984000      0.0128600   3592.0000000     45.0000000      0.5387000      0.0157000      0.0434200      0.0013210      0.0300000      0.0800000      7.0000000
     0.6867668      0.2326483      0.1524725      9.6113364      7.7014518      2.7684547      3.6189722     -7.2243187      0.7699323      0.0227827      0.1702020      1.8443290      0.5006027      0.0610160      0.7734970      0.0018626      0.0035766      0.0064723      0.7680000      0.0070000      0.1298600      0.0007300      5.9265400      0.0446000   4168.0000000     21.0000000      0.6359000      0.0071000      0.1098280      0.0014860      0.1900000   -999.0000000      7.0000000
     0.8519388     -0.1605811      0.2656129      9.8109389     12.8452588      1.6605530      3.7185147     -7.0837998      0.5790522      0.0293787      0.1533357      0.3716496      0.4769086      0.0743818      0.3663538      0.0043914      0.0066433      0.0119599      0.5730000      0.0100000      0.0781100      0.0003000      8.2539000      0.1000000   5242.0000000     48.0000000      0.7891000      0.0144000      0.4227730      0.0060650     -0.5200000   -999.0000000      2.0000000
     0.4396003      0.3650436      0.2706412     10.0818727      4.5339031      0.7293807      3.5353413     -7.4727486      0.8521045      0.0082603      0.1233294      6.4538685      0.5790518      0.0241395      0.9721443      0.0032298      0.0043097      0.0128999      0.8590000      0.0140000      0.2208400      0.0009400      3.3631300      0.0283100   3421.0000000     29.0000000      0.4183000      0.0070000      0.0215500      0.0002580      0.0500000   -999.0000000      7.0000000
     0.8071812     -0.1107677      0.2850385      9.9890344      7.5543476      1.5367476      3.7157789     -6.6166240      1.0025508      0.0355087      0.1148328      0.1728754      0.4125472      0.0475568      0.3488776      0.0016885      0.0066128      0.0045705      1.0000000      0.0040000      0.1327600      0.0005000     24.2500000      0.2825400   5195.0000000     18.0000000      0.8101000      0.0045000      0.4299700      0.0059650     -0.1400000   -999.0000000      2.0000000
     0.1663786     -0.2462207     -0.2002342      8.9013977      1.8266477      2.7408260      3.5074546     -7.4882748      0.9523244      0.0015577      0.0834874      3.6604209      0.5576345      0.0068783      0.9165438      0.0015405      0.0070031      0.0060884      0.9520000      0.0050000      0.5483100      0.0015100      3.2629200      0.0565900   3225.0000000     16.0000000      0.1869000      0.0012000      0.0033920      0.0000620     -0.4000000   -999.0000000      7.0000000
     0.8413935     -0.1192844      0.2511865      9.8934336      5.0999254      1.7160173      3.7318469     -6.1947586      1.5170054      0.0371576      0.1250405      0.1789847      0.3821515      0.0337234      0.4375364      0.0036091      0.0145436      0.0053484      1.5150000      0.0050000      0.1959600      0.0008700     64.3329600      1.8793900   5386.0000000     40.0000000      0.8310000      0.0044000      0.5235520      0.0159860     -0.0100000   -999.0000000      2.0000000
     0.7298372      0.0215284      0.6103569      8.8918677      5.1064990      1.1960752      3.6494789     -6.7108428      1.2222777      0.0350760      0.2170946      3.7037952      0.5470045      0.0299180      0.7665036      0.0029072      0.0097740      0.0147977      1.2210000      0.0150000      0.1959600      0.0008700     19.4020000      0.4120000   4446.0000000     36.0000000      0.6697000      0.0089000      0.1578970      0.0036340     -0.1200000   -999.0000000      2.0000000
     0.8006150     -0.0293072      0.2708061      9.5058098     11.0164637      1.4005224      3.7009434     -7.0321176      0.6663316      0.0327008      0.1299102      0.1475413      0.4336043      0.0620306      0.2808702      0.0024818      0.0033176      0.0069333      0.6660000      0.0060000      0.0907100      0.0003000      9.2785000      0.0594400   5006.0000000     24.0000000      0.7897000      0.0077000      0.3523940      0.0032450     -0.3300000   -999.0000000      2.0000000
     0.8388009     -0.1502832      0.2838786      9.8197381      3.6494963      1.4187049      3.7307508     -5.9220764      2.0993071      0.0344580      0.1590871      0.3561918      0.4852592      0.0035334      0.4430898      0.0041412      0.0062645      0.0367606      2.0780000      0.0310000      0.2739600      0.0001700    119.8023000      1.3945000   5373.0000000     43.0000000      0.8153900      0.0121700      0.4988300      0.0058390     -0.6000000   -999.0000000      2.0000000
     0.3645539      0.2212255      0.3364169     10.0725966      3.5378508      0.7805826      3.5319160     -7.4093478      0.9334299      0.0076364      0.0881802      3.4652577      0.5824403      0.0288354      0.9756647      0.0021240      0.0057987      0.0089655      0.9370000      0.0080000      0.2830000      0.0016900      3.8975100      0.0449000   3398.0000000     17.0000000      0.3561000      0.0039000      0.0152080      0.0002520     -0.2300000   -999.0000000      7.0000000
     0.2841365      0.3929431      0.2114100     10.0716277      3.5250040      0.6120916      3.5075994     -7.6412037      0.7947089      0.0103323      0.0609826      1.0677760      0.5655922      0.0277586      0.7055339      0.0021838      0.0094478      0.0093638      0.8510000      0.0150000      0.2830000      0.0016900      2.2445300      0.0375400   3106.0000000     30.0000000      0.3232000      0.0061000      0.0087580      0.0001800     -0.3000000   -999.0000000      7.0000000
     0.4951600      0.2212835      0.1811077     10.0728174      5.8625803      0.7545365      3.5539634     -7.5186214      0.7453672      0.0100194      0.0951155      2.4822688      0.5709838      0.0457435      0.9437677      0.0021893      0.0040263      0.0078232      0.7470000      0.0080000      0.1703600      0.0010000      3.0174400      0.0229600   3570.0000000     20.0000000      0.4713000      0.0060000      0.0324910      0.0004550      0.1000000      0.0800000      7.0000000
     0.8911745     -0.1315890      0.2711648     10.0300346     10.0312920      1.6035582      3.7328314     -6.7850885      0.7811075      0.0422478      0.1016745      0.4068799      0.4867489      0.0863473      0.5098063      0.0067085      0.0064305      0.0238931      0.7630000      0.0210000      0.0993300      0.0005300     16.4083000      0.1966000   5394.0000000     76.0000000      0.8190000      0.0240000      0.5197140      0.0083390     -0.0400000   -999.0000000      2.0000000
     0.8465304     -0.1500881      0.2468999      9.8855979      5.7510758      1.8451461      3.7199009     -6.3984244      1.2536468      0.0382150      0.1825626      0.2627427      0.4375103      0.0096447      0.4306659      0.0034996      0.0057379      0.0193915      1.2540000      0.0120000      0.1737700      0.0001800     39.8109000      0.4271600   5251.0000000     29.0000000      0.7780000      0.0080000      0.4120160      0.0045020     -0.3100000   -999.0000000      2.0000000
     0.5763706      0.2620602      0.4329350     10.0796935      7.0350403      0.7877306      3.5725070     -7.4724612      0.7212499      0.0144148      0.1418877      2.8794240      0.5553254      0.0472841      0.9473425      0.0024954      0.0051645      0.0081029      0.7220000      0.0080000      0.1418700      0.0006400      3.3480900      0.0360300   3727.0000000     23.0000000      0.5472000      0.0067000      0.0519850      0.0007300     -0.0600000   -999.0000000      7.0000000
     0.6934343      0.0239135      0.2771498     10.0710405      3.4921193      1.0626322      3.6323895     -6.4490395      1.7740047      0.0307183      0.2038269      1.6645768      0.5444339      0.0098442      0.7513393      0.0020599      0.0060738      0.0140852      1.7750000      0.0130000      0.2860400      0.0005600     35.4910000      0.4440000   4289.0000000     21.0000000      0.6611000      0.0048000      0.1355580      0.0017770     -0.1900000   -999.0000000      7.0000000
     0.6261972      0.0333716      0.6189383      9.8773644      3.4941430      0.9324431      3.6079969     -6.6513453      1.5827441      0.0246110      0.1871747      7.1354245      0.5279327      0.0101593      0.9064805      0.0029794      0.0041046      0.0220041      1.5810000      0.0220000      0.2860400      0.0005600     22.2523800      0.1923500   4044.0000000     29.0000000      0.6010000      0.0072000      0.0849930      0.0008070     -0.2200000   -999.0000000      7.0000000
     0.7648167      0.1388752      0.2093026     10.0467838      3.6243778      1.0810511      3.6595101     -6.2861124      1.8836145      0.0329275      0.2145270      1.1031165      0.5804361      0.0055927      0.5626376      0.0029072      0.0095065      0.0189118      1.8810000      0.0170000      0.2760600      0.0002800     51.4025000      1.0280000   4570.0000000     31.0000000      0.7320000      0.0060000      0.2107840      0.0042370     -0.0700000   -999.0000000      3.0000000
     0.5905389      0.2186524      0.2326627     10.0503628     10.0770920      0.6758140      3.5720822     -7.7474704      0.5245633      0.0150742      0.1068319      1.3228558      0.5884593      0.2379278      0.8917479      0.0051059      0.0040490      0.0122783      0.5320000      0.0140000      0.0976100      0.0015300      1.7910800      0.0148100   3713.0000000     49.0000000      0.5863000      0.0179000      0.0587470      0.0019050      0.1700000      0.0800000      7.0000000
     0.3532266      0.3939663      0.1604574     10.0878185      4.6534172      0.5602989      3.5143848     -7.7133927      0.7108871      0.0086037      0.0446920      1.7885648      0.4015323      0.0646552      0.1918529      0.0016699      0.0042764      0.0059042      0.7460000      0.0090000      0.2132800      0.0021200      1.9156600      0.0151700   3189.0000000     20.0000000      0.3761000      0.0059000      0.0131610      0.0002820      0.1700000      0.0800000      7.0000000
     0.5807421      0.3029539      0.2323273      9.8375433      6.8744970      2.7599304      3.5708566     -7.4486963      0.7445522      0.0117655      0.1223429      1.5663690      0.5334419      0.0733333      0.9054743      0.0012921      0.0035647      0.0040960      0.7440000      0.0040000      0.1460900      0.0010000      3.5448500      0.0271500   3724.0000000     12.0000000      0.5477000      0.0048000      0.0519060      0.0008140      0.2100000   -999.0000000      7.0000000
     0.4870146     -0.0662282      0.7433429     10.0539588      3.2774286      2.7438597      3.5693748     -6.9631517      1.3003991      0.0135274      0.1470824      9.6545399      0.6012456      0.0102440      0.9018514      0.0042979      0.0083919      0.0250651      1.3040000      0.0320000      0.3052600      0.0007000     10.8945000      0.1680200   3724.0000000     48.0000000      0.4712000      0.0086000      0.0365370      0.0005880     -0.0600000   -999.0000000      7.0000000
     0.7855496      0.0726758      0.2953143     10.1110997      6.5392447      1.1210920      3.6778660     -6.6802842      1.1034120      0.0330509      0.1746372      0.1056152      0.5072430      0.0202276      0.3898337      0.0018605      0.0030134      0.0082825      1.1060000      0.0070000      0.1527600      0.0002900     20.8979400      0.1220800   4759.0000000     17.0000000      0.7784000      0.0053000      0.2798630      0.0019500     -0.0500000   -999.0000000      2.0000000
     0.4143547      0.2745255      0.2250619     10.0478456      6.1710771      0.5837071      3.5309018     -7.7878563      0.6013859      0.0112186      0.0806393      3.5532462      0.5329455      0.0857636      0.7675318      0.0034295      0.0112085      0.0108124      0.6230000      0.0100000      0.1617600      0.0016600      1.5921600      0.0332500   3332.0000000     32.0000000      0.4139000      0.0076000      0.0190150      0.0005570      0.0300000      0.0800000      7.0000000
     0.1582299      0.4080774      0.2203513     10.0328203      3.1547498      0.8634216      3.4765054     -8.1103719      0.5386800      0.0030966      0.0370193      0.9282126      0.5674021      0.0097893      0.4204308      0.0016093      0.0083801      0.0044300      0.6080000      0.0080000      0.3167000      0.0007000      0.7589300      0.0118200   2802.0000000     21.0000000      0.2070000      0.0029000      0.0023650      0.0000380      0.2300000      0.0800000      7.0000000
     0.8147534     -0.1644202      0.3183939      9.8975438     16.6581996      1.4456363      3.7094618     -7.3672939      0.4420727      0.0399078      0.1808410      0.6220659      0.5115926      0.2580022      0.6841921      0.0078049      0.0105606      0.0144352      0.4330000      0.0140000      0.0594600      0.0005900      4.2998000      0.0860000   5123.0000000     87.0000000      0.7821000      0.0258000      0.3800670      0.0107080     -0.2800000   -999.0000000      2.0000000
