     0.7748125      0.0645527      0.2797408      9.7517855      7.1473378      1.7619541      3.6808980     -6.7712634      0.9794745      0.0221491      0.0949459      0.0684347      0.5721097      0.0513202      0.4419713      0.0072430      0.0086013      0.0363845      1.0300000      0.0070000      0.1392700      0.0004500     17.1834000      0.1059100   4696.0000000     18.0000000      0.7949000      0.0062000      0.2768570      0.0024720     -0.2700000   -999.0000000      2.0000000
     0.8008498     -0.1127684      0.2697146      9.7802274     10.3530745      1.7999598      3.7087940     -6.9452270      0.7047928      0.0307660      0.0818503      0.1223301      0.3099666      0.0745273      0.7020883      0.0044623      0.0122489      0.0147388      0.7130000      0.0060000      0.0966000      0.0004000     11.5675000      0.2313500   5113.0000000     33.0000000      0.7935000      0.0072000      0.3873880      0.0083860      0.0800000   -999.0000000      3.0000000
     0.7894769     -0.1568185      0.2795906      9.5108053      3.2163789      1.9136428      3.7040868     -5.9954093      2.1500701      0.0335833      0.1276729      0.1152070      0.4503061      0.0028673      0.6564154      0.0038933      0.0092823      0.0362322      2.1480000      0.0290000      0.3109400      0.0001600    102.3041000      1.1903300   5080.0000000     37.0000000      0.7350000      0.0050000      0.3306750      0.0038620     -0.1600000   -999.0000000      2.0000000
     0.4130497     -0.1496202      0.2710644      9.4348547      3.5857278      1.8770471      3.5559072     -7.2465011      1.0072055      0.0068636      0.0710764      0.2667644      0.5473650      0.0153135      0.8520484      0.0011579      0.0040019      0.0051097      1.0050000      0.0050000      0.2787600      0.0007700      5.6687900      0.0454000   3603.0000000     12.0000000      0.3863000      0.0021000      0.0227980      0.0002220     -0.3000000   -999.0000000      7.0000000
     0.8027438     -0.0924143      0.2653409      9.8197577      4.9833976      1.8784381      3.7095656     -6.2940247      1.4864815      0.0412130      0.1032912      0.0672496      0.3204452      0.0106382      0.4807918      0.0037758      0.0180721      0.0305016      1.5040000      0.0060000      0.2006200      0.0002300     52.8799000      0.6227400   5148.0000000     18.0000000      0.8051000      0.0035000      0.4105850      0.0049260     -0.4400000   -999.0000000      2.0000000
     0.7025535      0.3292180      0.2703786      9.4883296     11.3267250      1.8381426      3.6226990     -7.5178381      0.5418758      0.0141622      0.0925066      0.2459191      0.5129288      0.1763730      0.8093308      0.0029972      0.0054619      0.0079583      0.5860000      0.0220000      0.0877800      0.0009700      3.0277100      0.0316900   4034.0000000     76.0000000      0.7176000      0.0280000      0.1227960      0.0030030      0.3900000      0.0800000      7.0000000
     0.4944048      0.1138080      0.2640915      9.4187081      9.3132310      1.7993404      3.5607447     -7.9014462      0.4635186      0.0167826      0.1112321      0.2984948      0.5554411      0.3547165      0.8821612      0.0050277      0.0050208      0.0106861      0.4540000      0.0190000      0.1078300      0.0028500      1.2537100      0.0111900   3676.0000000     77.0000000      0.4525000      0.0221000      0.0336960      0.0018060      0.1400000      0.0800000      7.0000000
     0.7737089      0.0365957      0.2468565      9.8698940      8.6713424      2.0614020      3.6730434     -6.8967382      0.8127435      0.0254901      0.0561518      0.1025088      0.3584290      0.0611989      0.4947773      0.0113118      0.0244795      0.0195627      0.8290000      0.0070000      0.1148400      0.0005000     12.0460000      0.1425900   4790.0000000     25.0000000      0.7759000      0.0073000      0.2854420      0.0041950      0.1400000   -999.0000000      2.0000000
     0.6063420      0.3150274      0.2802803      9.4388997      5.6548573      1.8643256      3.5828233     -7.1968456      0.9421236      0.0122474      0.0809366      0.2132546      0.5050550      0.0538487      0.8445543      0.0013219      0.0037533      0.0051217      0.9430000      0.0040000      0.1767700      0.0011800      6.3402100      0.0537100   3825.0000000     11.0000000      0.5735000      0.0044000      0.0634090      0.0010030      0.4900000   -999.0000000      7.0000000
     0.6295217      0.2118089      0.2608430      9.5562210     11.1840622      1.8315162      3.5821617     -7.6719486      0.4942723      0.0177425      0.1541268      0.2373380      0.5003457      0.1840455      0.8921839      0.0164293      0.0177340      0.0110275      0.5190000      0.0150000      0.0889700      0.0010200      2.0395100      0.0198000   3883.0000000     57.0000000      0.6266000      0.0193000      0.0805190      0.0020050      0.0500000   -999.0000000      7.0000000
     0.7947590     -0.1172890      0.2494646      9.8734691     16.5093152      1.7563426      3.7097724     -7.3231746      0.4541266      0.0375722      0.0908623      0.1074062      0.3674763      0.3140055      0.5226278      0.0050387      0.0199985      0.0116465      0.4650000      0.0040000      0.0596400      0.0005600      4.8194000      0.1445800   5087.0000000     44.0000000      0.8387000      0.0109000      0.4234280      0.0149860     -0.8300000   -999.0000000      2.0000000
     0.8453029     -0.1285845      0.2651515      9.7095705     12.4849018      1.7847594      3.7284016     -6.9660359      0.6296085      0.0616690      0.0464730      0.0798190      0.5227370      0.1132669      0.6114103      0.0099268      0.0452584      0.0300313      0.6740000      0.0140000      0.0800400      0.0003500     11.9156000      0.2383100   5298.0000000     61.0000000      0.9058000      0.0190000      0.5812500      0.0126880     -0.1100000      0.0300000      2.0000000
     0.6076022      0.1190990      0.2612265      9.4376448      6.1675685      1.7837247      3.5963089     -7.2150614      0.8671692      0.0218276      0.1529224      0.2560119      0.5069377      0.1300944      0.8819907      0.0042817      0.0049150      0.0176053      0.8710000      0.0150000      0.1621300      0.0023700      6.0882300      0.0590400   3940.0000000     35.0000000      0.5773000      0.0131000      0.0723810      0.0022290     -0.0400000   -999.0000000      7.0000000
     0.5955911      0.0535971      0.2913534      9.4594302      6.1584704      1.8399444      3.5963634     -7.2276858      0.8544312      0.0237811      0.1544740      0.2671876      0.5848253      0.1268555      0.8937267      0.0042717      0.0061294      0.0160587      0.8560000      0.0160000      0.1621300      0.0023700      5.9220000      0.0714100   3947.0000000     39.0000000      0.5673000      0.0137000      0.0704050      0.0022270     -0.0400000   -999.0000000      7.0000000
     0.7529421     -0.3179163      0.2781006      9.3712796      7.4598841      1.9022571      3.7025684     -6.7830798      0.8741946      0.0198898      0.0664809      0.1885296      0.3533029      0.0446814      0.7121872      0.0021325      0.0062012      0.0054399      0.8680000      0.0040000      0.1341400      0.0005100     16.5153000      0.1930700   5065.0000000     19.0000000      0.6954000      0.0041000      0.2868340      0.0040000     -0.4200000   -999.0000000      2.0000000
     0.6841106      0.2414527      0.2731756      9.3968008      4.8727837      1.8649016      3.6193319     -6.8244388      1.2226590      0.0168132      0.0980633      0.2144046      0.4737624      0.0180397      0.8829708      0.0016210      0.0040336      0.0096409      1.2250000      0.0080000      0.2052100      0.0005400     14.9496600      0.1221900   4159.0000000     16.0000000      0.6398000      0.0046000      0.1109420      0.0010780      0.2400000   -999.0000000      7.0000000
     0.4114283      0.4773245      0.3105094      9.8609186      4.4585780      1.9944246      3.5285411     -7.5134328      0.8401874      0.0083144      0.0179232      0.1431850      0.2853846      0.0871363      0.7612065      0.0012067      0.0070015      0.0053919      0.8740000      0.0050000      0.2046000      0.0028000      2.9402500      0.0353900   3279.0000000     14.0000000      0.4593000      0.0068000      0.0219500      0.0006560      0.1500000      0.0800000      7.0000000
     0.4068962      0.2800205      0.2827380      9.5490769      6.6523267      1.8510310      3.5354976     -7.8611233      0.5453761      0.0104805      0.1273035      0.4251023      0.5376186      0.1006971      0.9226881      0.0043010      0.0071212      0.0111661      0.5670000      0.0150000      0.1501000      0.0017000      1.3742000      0.0163700   3366.0000000     46.0000000      0.4060000      0.0117000      0.0190610      0.0004880     -0.1900000   -999.0000000      4.0000000
     0.4142084     -0.0184252      0.2887898      9.5321003      2.5465135      1.8314827      3.5505241     -6.9648267      1.4280145      0.0086706      0.0684014      0.2945169      0.5363455      0.0061580      0.9420636      0.0024145      0.0047105      0.0163271      1.4320000      0.0130000      0.3926400      0.0006700     10.8213000      0.0956700   3548.0000000     18.0000000      0.3924000      0.0033000      0.0219360      0.0002080     -0.3800000   -999.0000000      7.0000000
     0.4172631     -0.0617220      0.2691691      9.4995330      4.8450603      1.7592853      3.5525822     -7.5101734      0.7550996      0.0111390      0.1399951      0.3302159      0.5534772      0.0323995      0.9375819      0.0039561      0.0076874      0.0149839      0.7640000      0.0170000      0.2062700      0.0010000      3.0865900      0.0422600   3550.0000000     41.0000000      0.3982000      0.0091000      0.0226710      0.0003800     -0.3700000   -999.0000000      7.0000000
     0.4609202      0.2493572      0.2862106      9.5094225     10.0765862      1.7797659      3.5465217     -8.0815852      0.4022182      0.0171441      0.1549427      0.4166451      0.5546961      0.3241943      0.9204866      0.0052812      0.0063980      0.0099891      0.4170000      0.0130000      0.0986100      0.0023300      0.8276600      0.0093200   3458.0000000     55.0000000      0.4546000      0.0182000      0.0265990      0.0012920      0.0100000   -999.0000000      7.0000000
     0.7117634     -0.3739702      0.2761526      9.3453714      9.0868028      1.7773077      3.6881240     -7.0563947      0.6820364      0.0144659      0.0686273      0.1178468      0.3528916      0.0540923      0.7286004      0.0027699      0.0036400      0.0077877      0.6790000      0.0070000      0.1099900      0.0004100      8.7658000      0.0600000   4888.0000000     27.0000000      0.6784200      0.0054800      0.2264370      0.0022920     -1.2600000   -999.0000000      3.0000000
     0.7782199     -0.0998714      0.2577629      9.5903161     11.0623790      1.8517434      3.6945229     -7.1133986      0.6201292      0.0327725      0.1032946      0.1792782      0.4343270      0.1494440      0.8071968      0.0031937      0.0077858      0.0079827      0.6220000      0.0060000      0.0903200      0.0007400      7.7674000      0.1142000   4955.0000000     30.0000000      0.7405000      0.0094000      0.2975560      0.0065510     -0.2400000   -999.0000000      2.0000000
     0.5081546     -0.0293090      0.2716290      9.5269555      7.6531452      1.8204122      3.5721481     -7.6556336      0.5836044      0.0124018      0.1182805      0.3117907      0.5287444      0.0893284      0.8785533      0.0037347      0.0046535      0.0103565      0.5930000      0.0160000      0.1306200      0.0010500      2.2061400      0.0182200   3705.0000000     51.0000000      0.4882000      0.0315000      0.0404090      0.0007300     -0.0900000      0.0800000      7.0000000
     0.5047824      0.1504046      0.2833166      9.5158358      5.3903393      1.8719516      3.5500958     -7.3773037      0.8213652      0.0129259      0.1029547      0.2834791      0.5625979      0.0456860      0.8981840      0.0116365      0.0177923      0.0143465      0.8350000      0.0140000      0.1854900      0.0011000      4.0127200      0.0525100   3626.0000000     33.0000000      0.4840000      0.0084000      0.0364470      0.0006440     -0.3100000   -999.0000000      7.0000000
     0.8274555     -0.1823504      0.2718017      9.5039730      7.5298027      1.7966915      3.7223329     -6.6099847      0.9742920      0.0506372      0.1260039      0.0714560      0.5325558      0.1096626      0.4943892      0.0059668      0.0180230      0.0212073      0.9730000      0.0090000      0.1323800      0.0008200     25.8044000      0.3077000   5349.0000000     29.0000000      0.7910000      0.0080000      0.4601620      0.0079120     -0.9200000   -999.0000000      2.0000000
     0.1182763     -0.0581420      0.2699928      9.4550322      1.2964154      1.8770996      3.4390851     -7.4347977      1.0378192      0.0030717      0.2101141      0.3142788      0.5481167      0.0065172      0.9013304      0.0396220      0.0774668      0.0297542      1.0110000      0.0520000      0.7716400      0.0026000      3.0602000      0.0612000   3079.0000000     81.0000000      0.1410000      0.0070000      0.0016060      0.0000340      0.0000000   -999.0000000      5.0000000
     0.8104755     -0.0904410      0.2887984      9.9383184      1.3359754      1.8551903      3.7007603     -5.0615666      5.8277101      0.0322137      0.0753768      0.0671124      0.1609833      0.0042938      0.4501597      0.0169653      0.0296980      0.1693494      6.0000000      0.0210000      0.7471000      0.0012000    865.4461100     17.3089000   5184.0000000     27.0000000      0.8671500      0.0028700      0.4845560      0.0098150      0.2100000   -999.0000000      3.0000000
     0.8624953     -0.1566008      0.2617751      9.6277132      6.6993139      1.6362475      3.7349911     -6.3957159      1.1780095      0.0768389      0.1076155      0.0991620      0.4933161      0.0600955      0.5219084      0.0123508      0.0619073      0.0546191      1.1960000      0.0140000      0.1489800      0.0004800     45.3513900      0.2972900   5555.0000000     34.0000000      0.8627000      0.0107000      0.6385520      0.0058700     -0.1600000   -999.0000000      2.0000000
     0.7514038      0.0284952      0.2536978      9.6133167      5.8765203      1.7655791      3.6568640     -6.6789163      1.1174534      0.0235050      0.1461599      0.1504252      0.4296652      0.0489081      0.7344661      0.0119621      0.0197040      0.0285020      1.1770000      0.0300000      0.1698500      0.0008200     20.0192000      0.1329000   4564.0000000     59.0000000      0.7390000      0.0190000      0.2168590      0.0025410     -0.0600000   -999.0000000      3.0000000
     0.3087706     -0.1000346      0.2587071      9.4299112      6.2430500      1.7826814      3.5195820     -7.9904728      0.4504430      0.0107990      0.1542166      0.2718059      0.5295216      0.0817595      0.9237714      0.0173767      0.0266278      0.0089994      0.4460000      0.0140000      0.1601200      0.0013300      0.9608500      0.0076700   3471.0000000     55.0000000      0.2990000      0.0100000      0.0117120      0.0002160     -0.1500000   -999.0000000      7.0000000
     0.8741219     -0.1484848      0.2643669      9.5195524     17.5131059      1.7030312      3.7369490     -7.2242677      0.4497135      0.0794723      0.1068349      0.0843803      0.5392646      0.2147974      0.5838211      0.0128038      0.0670534      0.0183601      0.4590000      0.0170000      0.0569100      0.0003400      6.7864900      0.1357300   5577.0000000    107.0000000      0.8668000      0.0324000      0.6548310      0.0152560      0.3300000   -999.0000000      2.0000000
     0.3371577     -0.2095016      0.2407220      9.5351610      6.5104215      1.8430329      3.5449314     -7.9629259      0.4644284      0.0071618      0.1024498      0.3647779      0.5704874      0.0634306      0.8475982      0.0028218      0.0057284      0.0058688      0.4750000      0.0130000      0.1534600      0.0009900      1.0874100      0.0120100   3469.0000000     48.0000000      0.3328000      0.0093000      0.0144300      0.0002450     -0.3500000      0.0800000      7.0000000
     0.8220535     -0.1688822      0.2751764      9.5229958      9.7601085      1.8430131      3.7194036     -6.8535376      0.7463958      0.0492949      0.1382040      0.0793824      0.5001916      0.0933919      0.4712002      0.0070462      0.0361915      0.0209096      0.7240000      0.0110000      0.1025500      0.0004000     14.8801000      0.0900000   5404.0000000     42.0000000      0.7591000      0.0122000      0.4421770      0.0043650      0.0400000   -999.0000000      3.0000000
     0.5332184      0.1831273      0.2317024      9.5428581     10.2268290      1.8116676      3.5667629     -7.8859660      0.4589104      0.0143334      0.1024722      0.3312231      0.5767465      0.2087112      0.9394715      0.0035624      0.0056619      0.0085026      0.4840000      0.0120000      0.0966700      0.0013900      1.2984000      0.0128600   3592.0000000     45.0000000      0.5387000      0.0157000      0.0434200      0.0013210      0.0300000      0.0800000      7.0000000
     0.6755689      0.1764589      0.2810740      9.4901709      7.6986576      1.8393770      3.6019787     -7.2025470      0.7648792      0.0190348      0.0976226      0.1869989      0.4514978      0.0654921      0.8949612      0.0180083      0.0237737      0.0078499      0.7680000      0.0070000      0.1298600      0.0007300      5.9265400      0.0446000   4168.0000000     21.0000000      0.6359000      0.0071000      0.1098280      0.0014860      0.1900000   -999.0000000      7.0000000
     0.8171573     -0.1580281      0.2667860      9.5874420     12.7806232      1.9063397      3.7052859     -7.0717213      0.5739654      0.0422493      0.1015637      0.0858902      0.5096951      0.1013483      0.5690381      0.0121887      0.0193171      0.0146632      0.5730000      0.0100000      0.0781100      0.0003000      8.2539000      0.1000000   5242.0000000     48.0000000      0.7891000      0.0144000      0.4227730      0.0060650     -0.5200000   -999.0000000      2.0000000
     0.4331312      0.3401223      0.3106800      9.4516805      4.5254980      1.8777455      3.5372045     -7.4723246      0.8465338      0.0081950      0.0942525      0.3484353      0.5643269      0.0279678      0.9391077      0.0029580      0.0049387      0.0120560      0.8590000      0.0140000      0.2208400      0.0009400      3.3631300      0.0283100   3421.0000000     29.0000000      0.4183000      0.0070000      0.0215500      0.0002580      0.0500000   -999.0000000      7.0000000
     0.8118387     -0.1150104      0.2664907      9.7787891      7.5025535      1.8999729      3.7141085     -6.6297350      0.9889711      0.0374321      0.0834933      0.0711471      0.3073923      0.0554558      0.4554039      0.0031493      0.0137658      0.0179744      1.0000000      0.0040000      0.1327600      0.0005000     24.2500000      0.2825400   5195.0000000     18.0000000      0.8101000      0.0045000      0.4299700      0.0059650     -0.1400000   -999.0000000      2.0000000
     0.1636948     -0.1540306      0.2821304      9.4690629      1.8232610      1.8113846      3.4818025     -7.4384519      0.9466153      0.0021292      0.0755683      0.2567659      0.5553129      0.0075300      0.9273165      0.0259243      0.0492798      0.0067377      0.9520000      0.0050000      0.5483100      0.0015100      3.2629200      0.0565900   3225.0000000     16.0000000      0.1869000      0.0012000      0.0033920      0.0000620     -0.4000000   -999.0000000      7.0000000
     0.8444798     -0.1182497      0.2754040      9.7208941      5.0949138      1.8771460      3.7117186     -6.2012211      1.4957393      0.0363598      0.0415802      0.0771314      0.2748268      0.0408318      0.4437398      0.0165328      0.0330552      0.0138966      1.5150000      0.0050000      0.1959600      0.0008700     64.3329600      1.8793900   5386.0000000     40.0000000      0.8310000      0.0044000      0.5235520      0.0159860     -0.0100000   -999.0000000      2.0000000
     0.7127624      0.0481822      0.2799119      9.4304135      5.1050316      1.7992114      3.6479393     -6.7117761      1.2202541      0.0313549      0.1325029      0.2745820      0.5481760      0.0311860      0.9357925      0.0035082      0.0102526      0.0164517      1.2210000      0.0150000      0.1959600      0.0008700     19.4020000      0.4120000   4446.0000000     36.0000000      0.6697000      0.0089000      0.1578970      0.0036340     -0.1200000   -999.0000000      2.0000000
     0.7918465     -0.1132926      0.2709512      9.6804026     11.0170147      1.8441215      3.7038788     -7.0411699      0.6457233      0.0342501      0.0971422      0.1045125      0.4555383      0.0846060      0.4701024      0.0047990      0.0084583      0.0166437      0.6660000      0.0060000      0.0907100      0.0003000      9.2785000      0.0594400   5006.0000000     24.0000000      0.7897000      0.0077000      0.3523940      0.0032450     -0.3300000   -999.0000000      2.0000000
     0.8421660     -0.1231871      0.2520014      9.6188686      3.6493071      1.9521361      3.7106976     -5.9097724      2.0599373      0.0550862      0.0845607      0.0663740      0.4258342      0.0045455      0.5397256      0.0146269      0.0354179      0.0623556      2.0780000      0.0310000      0.2739600      0.0001700    119.8023000      1.3945000   5373.0000000     43.0000000      0.8153900      0.0121700      0.4988300      0.0058390     -0.6000000   -999.0000000      2.0000000
     0.3636221      0.2105438      0.2814061      9.5019442      3.5292858      1.7782992      3.5229519     -7.3814941      0.9325303      0.0068009      0.0575320      0.3170313      0.5369098      0.0304547      0.8924924      0.0091905      0.0257420      0.0095229      0.9370000      0.0080000      0.2830000      0.0016900      3.8975100      0.0449000   3398.0000000     17.0000000      0.3561000      0.0039000      0.0152080      0.0002520     -0.2300000   -999.0000000      7.0000000
     0.2828936      0.4517607      0.2738411      9.6410380      3.5195633      1.7582034      3.5117932     -7.6403583      0.7842185      0.0088327      0.0420194      0.2211983      0.5271339      0.0291701      0.9177497      0.0016531      0.0103173      0.0095501      0.8510000      0.0150000      0.2830000      0.0016900      2.2445300      0.0375400   3106.0000000     30.0000000      0.3232000      0.0061000      0.0087580      0.0001800     -0.3000000   -999.0000000      7.0000000
     0.4943925      0.2216764      0.2698905      9.5422376      5.8602008      1.8143402      3.5545902     -7.5196641      0.7399114      0.0095953      0.0664575      0.2970648      0.5216370      0.0480450      0.9238140      0.0020167      0.0039396      0.0068932      0.7470000      0.0080000      0.1703600      0.0010000      3.0174400      0.0229600   3570.0000000     20.0000000      0.4713000      0.0060000      0.0324910      0.0004550      0.1000000      0.0800000      7.0000000
     0.8403639     -0.1579400      0.2553142      9.6289195     10.0610310      1.8048751      3.7268670     -6.8119586      0.7566475      0.0571957      0.0933829      0.0651797      0.4839839      0.1175611      0.6130805      0.0086921      0.0255007      0.0274249      0.7630000      0.0210000      0.0993300      0.0005300     16.4083000      0.1966000   5394.0000000     76.0000000      0.8190000      0.0240000      0.5197140      0.0083390     -0.0400000   -999.0000000      2.0000000
     0.8033202     -0.2045607      0.2558644      9.6494356      5.7519578      1.8842659      3.7063164     -6.3948012      1.2506782      0.0494662      0.1326140      0.0902252      0.4764328      0.0114473      0.5120506      0.0112993      0.0117666      0.0234227      1.2540000      0.0120000      0.1737700      0.0001800     39.8109000      0.4271600   5251.0000000     29.0000000      0.7780000      0.0080000      0.4120160      0.0045020     -0.3100000   -999.0000000      2.0000000
     0.5719894      0.2826661      0.2653160      9.5519121      7.0482986      1.7705234      3.5728933     -7.4745200      0.7163965      0.0126960      0.0900009      0.2440959      0.5155768      0.0478943      0.8917842      0.0024548      0.0055911      0.0080514      0.7220000      0.0080000      0.1418700      0.0006400      3.3480900      0.0360300   3727.0000000     23.0000000      0.5472000      0.0067000      0.0519850      0.0007300     -0.0600000   -999.0000000      7.0000000
     0.7106285      0.2065283      0.2564947      9.4674363      3.4963104      1.8242221      3.6058359     -6.3986930      1.7554048      0.0214069      0.1066357      0.2551932      0.5041115      0.0100144      0.9173694      0.0271583      0.0500792      0.0175084      1.7750000      0.0130000      0.2860400      0.0005600     35.4910000      0.4440000   4289.0000000     21.0000000      0.6611000      0.0048000      0.1355580      0.0017770     -0.1900000   -999.0000000      7.0000000
     0.6251356      0.0664439      0.2550406      9.4549055      3.4957308      1.8333860      3.6071894     -6.6523177      1.5764757      0.0202657      0.1202773      0.2142861      0.5350590      0.0101865      0.8895315      0.0032777      0.0042966      0.0247016      1.5810000      0.0220000      0.2860400      0.0005600     22.2523800      0.1923500   4044.0000000     29.0000000      0.6010000      0.0072000      0.0849930      0.0008070     -0.2200000   -999.0000000      7.0000000
     0.7587954      0.1807978      0.2674102      9.7938730      3.6217372      1.8215258      3.6611466     -6.2913797      1.8630586      0.0216035      0.0847949      0.1537359      0.2933576      0.0058093      0.9101202      0.0031650      0.0111638      0.0271844      1.8810000      0.0170000      0.2760600      0.0002800     51.4025000      1.0280000   4570.0000000     31.0000000      0.7320000      0.0060000      0.2107840      0.0042370     -0.0700000   -999.0000000      3.0000000
     0.5838224      0.2437207      0.2912629      9.5425101     10.1202271      1.8338513      3.5791402     -7.7462428      0.5091305      0.0139801      0.0965927      0.2559659      0.4962607      0.2059764      0.9129844      0.0035728      0.0043621      0.0086597      0.5320000      0.0140000      0.0976100      0.0015300      1.7910800      0.0148100   3713.0000000     49.0000000      0.5863000      0.0179000      0.0587470      0.0019050      0.1700000      0.0800000      7.0000000
     0.3412736      0.4657609      0.2639224      9.7417594      4.6240164      1.8775867      3.5119992     -7.6908720      0.6923755      0.0086196      0.0301580      0.2256902      0.3870273      0.0683774      0.7813899      0.0075199      0.0231497      0.0050743      0.7460000      0.0090000      0.2132800      0.0021200      1.9156600      0.0151700   3189.0000000     20.0000000      0.3761000      0.0059000      0.0131610      0.0002820      0.1700000      0.0800000      7.0000000
     0.5748377      0.3211619      0.2841693      9.5416442      6.8341758      1.7093131      3.5715444     -7.4494187      0.7419674      0.0108800      0.0726380      0.2537231      0.4887797      0.0650331      0.8296039      0.0014889      0.0037994      0.0047312      0.7440000      0.0040000      0.1460900      0.0010000      3.5448500      0.0271500   3724.0000000     12.0000000      0.5477000      0.0048000      0.0519060      0.0008140      0.2100000   -999.0000000      7.0000000
     0.4895183     -0.0797641      0.2333254      9.4590783      3.2757071      1.8171680      3.5697146     -6.9627663      1.3105075      0.0138706      0.1398071      0.3477923      0.5942927      0.0105455      0.9345824      0.0039271      0.0092141      0.0255066      1.3040000      0.0320000      0.3052600      0.0007000     10.8945000      0.1680200   3724.0000000     48.0000000      0.4712000      0.0086000      0.0365370      0.0005880     -0.0600000   -999.0000000      7.0000000
     0.7753052      0.0633002      0.2792066      9.8200659      6.5413884      1.9907362      3.6820648     -6.6855223      1.0750856      0.0215068      0.0776317      0.0604909      0.4666775      0.0247373      0.3990758      0.0057510      0.0074966      0.0320927      1.1060000      0.0070000      0.1527600      0.0002900     20.8979400      0.1220800   4759.0000000     17.0000000      0.7784000      0.0053000      0.2798630      0.0019500     -0.0500000   -999.0000000      2.0000000
     0.4078633      0.3125166      0.2427494      9.6709725      6.1378389      1.8088604      3.5341295     -7.7902429      0.5954269      0.0096261      0.0700382      0.4790489      0.4989625      0.0877036      0.8980241      0.0027538      0.0115167      0.0086482      0.6230000      0.0100000      0.1617600      0.0016600      1.5921600      0.0332500   3332.0000000     32.0000000      0.4139000      0.0076000      0.0190150      0.0005570      0.0300000      0.0800000      7.0000000
     0.1549499      0.3974715      0.2920726      9.5037914      3.1517950      1.8799152      3.4635078     -8.0864577      0.5306812      0.0021810      0.0112951      0.1838371      0.5253194      0.0103577      0.6333065      0.0128752      0.0258292      0.0051278      0.6080000      0.0080000      0.3167000      0.0007000      0.7589300      0.0118200   2802.0000000     21.0000000      0.2070000      0.0029000      0.0023650      0.0000380      0.2300000      0.0800000      7.0000000
     0.7987287     -0.1719603      0.2640640      9.5810802     16.7668190      1.8387571      3.6712149     -7.3009217      0.4348732      0.0417376      0.1466431      0.1050882      0.5651473      0.2876616      0.6877025      0.0398224      0.0730614      0.0142087      0.4330000      0.0140000      0.0594600      0.0005900      4.2998000      0.0860000   5123.0000000     87.0000000      0.7821000      0.0258000      0.3800670      0.0107080     -0.2800000   -999.0000000      2.0000000
