     0.7685783     -0.2398601      0.2457976      9.7597960      7.2040449      0.9448192      3.6712874     -6.7662164      1.0279567      0.0336659      0.2291345      0.1077521      0.4336397      0.0433408      0.4880101      0.0046360      0.0123033      0.0359123      1.0300000      0.0070000      0.1392700      0.0004500     17.1834000      0.1059100   4696.0000000     18.0000000      0.7949000      0.0062000      0.2768570      0.0024720     -0.2700000   -999.0000000      2.0000000
     0.8035558     -0.0460840      0.2779714      9.8311119     10.3816740      1.5111454      3.7099142     -6.9362850      0.7149415      0.0353625      0.1148811      0.1016803      0.3763983      0.0687853      0.2953930      0.0063755      0.0302247      0.0137171      0.7130000      0.0060000      0.0966000      0.0004000     11.5675000      0.2313500   5113.0000000     33.0000000      0.7935000      0.0072000      0.3873880      0.0083860      0.0800000   -999.0000000      3.0000000
     0.8052185     -0.1242588      0.2836923      9.5240606      3.2146148      1.8179608      3.7050998     -5.9891838      2.1529513      0.0360930      0.1629555      0.0946895      0.3493556      0.0029120      0.4282745      0.0097404      0.0231061      0.0488427      2.1480000      0.0290000      0.3109400      0.0001600    102.3041000      1.1903300   5080.0000000     37.0000000      0.7350000      0.0050000      0.3306750      0.0038620     -0.1600000   -999.0000000      2.0000000
     0.4159382     -0.1082236      0.2472666      8.8260292      3.5909879      2.8420282      3.5555962     -7.2468422      1.0059719      0.0066604      0.0874148      0.5920318      0.5540194      0.0132720      0.8000932      0.0014989      0.0048666      0.0065525      1.0050000      0.0050000      0.2787600      0.0007700      5.6687900      0.0454000   3603.0000000     12.0000000      0.3863000      0.0021000      0.0227980      0.0002220     -0.3000000   -999.0000000      7.0000000
     0.7881720     -0.1829087      0.2712791     10.0889783      4.9891597      1.5082525      3.7116646     -6.2764280      1.5045112      0.0429769      0.1559156      0.0978485      0.5103573      0.0098510      0.3535202      0.0075702      0.0407409      0.0319603      1.5040000      0.0060000      0.2006200      0.0002300     52.8799000      0.6227400   5148.0000000     18.0000000      0.8051000      0.0035000      0.4105850      0.0049260     -0.4400000   -999.0000000      2.0000000
     0.7142161      0.4019754      0.2867010      9.7587502     11.2028312      1.0499465      3.6112925     -7.5182606      0.5716240      0.0200643      0.1306143      0.4187994      0.4787521      0.1736910      0.6500636      0.0081546      0.0071003      0.0218748      0.5860000      0.0220000      0.0877800      0.0009700      3.0277100      0.0316900   4034.0000000     76.0000000      0.7176000      0.0280000      0.1227960      0.0030030      0.3900000      0.0800000      7.0000000
     0.5025932      0.0917075      0.2842516      8.8080157      9.4731274      2.7977781      3.5622060     -7.9031972      0.4598157      0.0169887      0.1081460      0.6222316      0.6157912      0.3223056      0.9392771      0.0051362      0.0054229      0.0116609      0.4540000      0.0190000      0.1078300      0.0028500      1.2537100      0.0111900   3676.0000000     77.0000000      0.4525000      0.0221000      0.0336960      0.0018060      0.1400000      0.0800000      7.0000000
     0.7701612      0.0766121      0.2743471     10.1147189      8.7094202      1.4255016      3.6805635     -6.9196043      0.8282048      0.0344495      0.1561109      0.1063749      0.4914666      0.0652858      0.4339706      0.0039333      0.0113890      0.0207643      0.8290000      0.0070000      0.1148400      0.0005000     12.0460000      0.1425900   4790.0000000     25.0000000      0.7759000      0.0073000      0.2854420      0.0041950      0.1400000   -999.0000000      2.0000000
     0.6126929      0.3303078      0.2979320      9.5443548      5.6677370      2.0372663      3.5819945     -7.1962549      0.9436626      0.0139783      0.1226166      0.4543847      0.4233115      0.0533346      0.6681129      0.0015033      0.0049350      0.0068830      0.9430000      0.0040000      0.1767700      0.0011800      6.3402100      0.0537100   3825.0000000     11.0000000      0.5735000      0.0044000      0.0634090      0.0010030      0.4900000   -999.0000000      7.0000000
     0.6336569      0.1903160      0.2611743      8.9400749     11.0940244      0.6740720      3.5889540     -7.6899083      0.5096067      0.0228953      0.1822705      0.2535372      0.5193995      0.1995544      0.9163087      0.0066354      0.0061195      0.0163188      0.5190000      0.0150000      0.0889700      0.0010200      2.0395100      0.0198000   3883.0000000     57.0000000      0.6266000      0.0193000      0.0805190      0.0020050      0.0500000   -999.0000000      7.0000000
     0.7960292     -0.4779373      0.2943811      9.7620091     16.8321946      0.9641286      3.7095226     -7.3138371      0.4633320      0.0445635      0.2995822      0.1609934      0.4764896      0.2437923      0.5701793      0.0071699      0.0476721      0.0160818      0.4650000      0.0040000      0.0596400      0.0005600      4.8194000      0.1445800   5087.0000000     44.0000000      0.8387000      0.0109000      0.4234280      0.0149860     -0.8300000   -999.0000000      2.0000000
     0.8893247     -0.1043309      0.2709328     10.1296760     12.4382928      1.3894448      3.7239079     -6.9224267      0.6739587      0.0510508      0.0784903      0.1304459      0.4941544      0.0851286      0.3325811      0.0123407      0.0769070      0.0413196      0.6740000      0.0140000      0.0800400      0.0003500     11.9156000      0.2383100   5298.0000000     61.0000000      0.9058000      0.0190000      0.5812500      0.0126880     -0.1100000      0.0300000      2.0000000
     0.6020835      0.0766929      0.2590782      9.9345907      6.0929567      0.9874584      3.5963397     -7.2167950      0.8692735      0.0243571      0.1713022      0.3852036      0.5045629      0.1305442      0.8269139      0.0039617      0.0061502      0.0163664      0.8710000      0.0150000      0.1621300      0.0023700      6.0882300      0.0590400   3940.0000000     35.0000000      0.5773000      0.0131000      0.0723810      0.0022290     -0.0400000   -999.0000000      7.0000000
     0.5921660      0.0440255      0.2666535     10.0865803      6.1009556      1.4309412      3.5959274     -7.2281735      0.8568403      0.0240022      0.1725964      0.4396232      0.6212919      0.1252829      0.7516371      0.0044936      0.0075363      0.0179369      0.8560000      0.0160000      0.1621300      0.0023700      5.9220000      0.0714100   3947.0000000     39.0000000      0.5673000      0.0137000      0.0704050      0.0022270     -0.0400000   -999.0000000      7.0000000
     0.7478917     -0.4378637      0.2674550      9.5661735      7.4523589      1.8666849      3.7045344     -6.7816388      0.8684538      0.0290142      0.1849370      0.4309685      0.3491554      0.0447956      0.4633878      0.0070959      0.0180083      0.0074355      0.8680000      0.0040000      0.1341400      0.0005100     16.5153000      0.1930700   5065.0000000     19.0000000      0.6954000      0.0041000      0.2868340      0.0040000     -0.4200000   -999.0000000      2.0000000
     0.6922658      0.2392650      0.2542249      9.7522984      4.8731403      1.6344146      3.6194144     -6.8250542      1.2250099      0.0233949      0.1482827      0.2419682      0.4603817      0.0181093      0.6017792      0.0020383      0.0052917      0.0125955      1.2250000      0.0080000      0.2052100      0.0005400     14.9496600      0.1221900   4159.0000000     16.0000000      0.6398000      0.0046000      0.1109420      0.0010780      0.2400000   -999.0000000      7.0000000
     0.3810769      0.3791630      0.3882333      8.8784446      3.9585306      0.5923800      3.5182933     -7.5282808      0.8651798      0.0495243      0.0535305      0.1798415      0.8361755      0.6882287      0.7473882      0.0110429      0.0131062      0.0276505      0.8740000      0.0050000      0.2046000      0.0028000      2.9402500      0.0353900   3279.0000000     14.0000000      0.4593000      0.0068000      0.0219500      0.0006560      0.1500000      0.0800000      7.0000000
     0.4142846      0.2058025      0.3087405     10.0761264      6.5491800      0.6022065      3.5328257     -7.8619634      0.5546526      0.0125064      0.1460148      0.5095189      0.5700114      0.1062241      1.0341816      0.0052582      0.0076056      0.0137385      0.5670000      0.0150000      0.1501000      0.0017000      1.3742000      0.0163700   3366.0000000     46.0000000      0.4060000      0.0117000      0.0190610      0.0004880     -0.1900000   -999.0000000      4.0000000
     0.4204644     -0.0129674      0.2545696     10.1106310      2.5425344      0.7261702      3.5491676     -6.9658308      1.4323471      0.0086880      0.0946665      0.6198050      0.6598395      0.0058909      1.0070685      0.0024752      0.0052570      0.0164924      1.4320000      0.0130000      0.3926400      0.0006700     10.8213000      0.0956700   3548.0000000     18.0000000      0.3924000      0.0033000      0.0219360      0.0002080     -0.3800000   -999.0000000      7.0000000
     0.4186020     -0.1979034      0.2637313     10.0894253      4.8483510      0.6562775      3.5521236     -7.5120459      0.7526828      0.0115062      0.1547931      0.7152599      0.6329141      0.0322068      1.0596057      0.0045243      0.0086654      0.0167606      0.7640000      0.0170000      0.2062700      0.0010000      3.0865900      0.0422600   3550.0000000     41.0000000      0.3982000      0.0091000      0.0226710      0.0003800     -0.3700000   -999.0000000      7.0000000
     0.4564314      0.2437295      0.2579405     10.0880862      9.9347179      0.6480325      3.5419525     -8.0811894      0.4083509      0.0181592      0.1632234      0.5768321      0.5895181      0.3403107      1.0311237      0.0060217      0.0069448      0.0117172      0.4170000      0.0130000      0.0986100      0.0023300      0.8276600      0.0093200   3458.0000000     55.0000000      0.4546000      0.0182000      0.0265990      0.0012920      0.0100000   -999.0000000      7.0000000
     0.7010646     -0.4919987      0.2066347      9.7362728      9.1110151      1.5561480      3.6895776     -7.0573937      0.6775804      0.0237485      0.2081080      0.2624654      0.3561565      0.0521926      0.5053313      0.0071245      0.0064648      0.0133906      0.6790000      0.0070000      0.1099900      0.0004100      8.7658000      0.0600000   4888.0000000     27.0000000      0.6784200      0.0054800      0.2264370      0.0022920     -1.2600000   -999.0000000      3.0000000
     0.7934237     -0.1239779      0.2700270      9.4400424     11.0155215      1.5349447      3.6950818     -7.1075828      0.6222272      0.0328279      0.1545664      0.1200264      0.4192193      0.1412084      0.4080569      0.0049096      0.0131805      0.0098876      0.6220000      0.0060000      0.0903200      0.0007400      7.7674000      0.1142000   4955.0000000     30.0000000      0.7405000      0.0094000      0.2975560      0.0065510     -0.2400000   -999.0000000      2.0000000
     0.5127310      0.0058536      0.2775069     10.0849522      7.6776884      0.8560851      3.5705263     -7.6556793      0.5894107      0.0129421      0.1166019      0.5144912      0.5767547      0.0856430      0.8762297      0.0044062      0.0052235      0.0119607      0.5930000      0.0160000      0.1306200      0.0010500      2.2061400      0.0182200   3705.0000000     51.0000000      0.4882000      0.0315000      0.0404090      0.0007300     -0.0900000      0.0800000      7.0000000
     0.4997797     -0.0257893      0.2585338     10.1240763      5.3956079      0.5960340      3.5601072     -7.3957615      0.8316747      0.0141039      0.1316965      0.5530581      0.6167242      0.0453532      1.0601045      0.0040164      0.0078840      0.0163165      0.8350000      0.0140000      0.1854900      0.0011000      4.0127200      0.0525100   3626.0000000     33.0000000      0.4840000      0.0084000      0.0364470      0.0006440     -0.3100000   -999.0000000      7.0000000
     0.7434083     -0.4839950      0.2994818     10.0740068      7.6350443      1.9559511      3.7282370     -6.5883652      0.9743243      0.0771958      0.3426514      0.0809184      0.6105754      0.0895166      0.3936856      0.0120605      0.0578180      0.0324371      0.9730000      0.0090000      0.1323800      0.0008200     25.8044000      0.3077000   5349.0000000     29.0000000      0.7910000      0.0080000      0.4601620      0.0079120     -0.9200000   -999.0000000      2.0000000
     0.1199398     -0.0958679      0.2616154     10.0403771      1.2914767      2.2813987      3.4812118     -7.5162124      1.0424122      0.0026775      0.2080313      0.6978884      0.5744397      0.0061095      0.7794962      0.0068413      0.0160278      0.0361098      1.0110000      0.0520000      0.7716400      0.0026000      3.0602000      0.0612000   3079.0000000     81.0000000      0.1410000      0.0070000      0.0016060      0.0000340      0.0000000   -999.0000000      5.0000000
     0.8745136     -0.0338860      0.2872437     10.0825662      1.3351339      1.4327202      3.7152825     -5.0631296      5.9994461      0.0516627      0.2037832      0.0846689      0.4853419      0.0041345      0.4347283      0.0095371      0.0557871      0.1930126      6.0000000      0.0210000      0.7471000      0.0012000    865.4461100     17.3089000   5184.0000000     27.0000000      0.8671500      0.0028700      0.4845560      0.0098150      0.2100000   -999.0000000      3.0000000
     0.8899558     -0.1154603      0.2735606      9.7636811      6.6972533      1.8206996      3.7441172     -6.3430138      1.1989467      0.0480988      0.1312013      0.0666528      0.3255360      0.0403542      0.3670943      0.0190333      0.0867401      0.0660350      1.1960000      0.0140000      0.1489800      0.0004800     45.3513900      0.2972900   5555.0000000     34.0000000      0.8627000      0.0107000      0.6385520      0.0058700     -0.1600000   -999.0000000      2.0000000
     0.7699486      0.0637652      0.2594649      9.5699596      5.8816617      1.0151375      3.6595345     -6.6974925      1.1717531      0.0354600      0.2195891      0.1646316      0.4418484      0.0520048      0.6409945      0.0075787      0.0070620      0.0441018      1.1770000      0.0300000      0.1698500      0.0008200     20.0192000      0.1329000   4564.0000000     59.0000000      0.7390000      0.0190000      0.2168590      0.0025410     -0.0600000   -999.0000000      3.0000000
     0.3100373     -0.0976599      0.2808786      8.8182992      6.2490776      2.7722214      3.5390818     -8.0178804      0.4482971      0.0118084      0.1734023      0.2928363      0.6453354      0.0721635      0.8899065      0.0050327      0.0047044      0.0112256      0.4460000      0.0140000      0.1601200      0.0013300      0.9608500      0.0076700   3471.0000000     55.0000000      0.2990000      0.0100000      0.0117120      0.0002160     -0.1500000   -999.0000000      7.0000000
     0.8987913     -0.1113130      0.2079426      9.7686464     17.6774350      1.7820909      3.7506478     -7.1682761      0.4646472      0.0573549      0.1671333      0.1118847      0.4155742      0.2088883      0.4897705      0.0247929      0.1102312      0.0369416      0.4590000      0.0170000      0.0569100      0.0003400      6.7864900      0.1357300   5577.0000000    107.0000000      0.8668000      0.0324000      0.6548310      0.0152560      0.3300000   -999.0000000      2.0000000
     0.3421000     -0.2326417      0.2500141     10.0801108      6.5470718      0.6849119      3.5434390     -7.9625955      0.4668651      0.0089157      0.1275065      0.5950811      0.5796250      0.0590014      1.0378840      0.0038423      0.0069196      0.0089821      0.4750000      0.0130000      0.1534600      0.0009900      1.0874100      0.0120100   3469.0000000     48.0000000      0.3328000      0.0093000      0.0144300      0.0002450     -0.3500000      0.0800000      7.0000000
     0.8508422     -0.1169456      0.2042226      9.5342922      9.7508006      2.3250009      3.7297489     -6.8267490      0.7266302      0.0368876      0.1586134      0.0973235      0.4099646      0.0731253      0.4757190      0.0158856      0.0350523      0.0355945      0.7240000      0.0110000      0.1025500      0.0004000     14.8801000      0.0900000   5404.0000000     42.0000000      0.7591000      0.0122000      0.4421770      0.0043650      0.0400000   -999.0000000      3.0000000
     0.5387875      0.1804897      0.2450278     10.1200465     10.1599424      0.5801917      3.5570268     -7.8865344      0.4782831      0.0140918      0.0979895      0.4596174      0.5911480      0.2105363      0.9380740      0.0069687      0.0062121      0.0150335      0.4840000      0.0120000      0.0966700      0.0013900      1.2984000      0.0128600   3592.0000000     45.0000000      0.5387000      0.0157000      0.0434200      0.0013210      0.0300000      0.0800000      7.0000000
     0.6815902      0.2093159      0.2661008      9.5229347      7.7016581      1.6024669      3.6194453     -7.2262543      0.7697666      0.0216554      0.1401099      0.3220032      0.4216762      0.0622259      0.6370464      0.0024305      0.0047513      0.0092053      0.7680000      0.0070000      0.1298600      0.0007300      5.9265400      0.0446000   4168.0000000     21.0000000      0.6359000      0.0071000      0.1098280      0.0014860      0.1900000   -999.0000000      7.0000000
     0.8093388     -0.1697811      0.2573212      9.5405936     12.8337716      1.3741802      3.7199120     -7.0815213      0.5779561      0.0348023      0.1623576      0.0935010      0.4267779      0.0894351      0.3806195      0.0123668      0.0401108      0.0208628      0.5730000      0.0100000      0.0781100      0.0003000      8.2539000      0.1000000   5242.0000000     48.0000000      0.7891000      0.0144000      0.4227730      0.0060650     -0.5200000   -999.0000000      2.0000000
     0.4302783      0.2478355      0.3048329     10.0988563      4.5383843      0.6347299      3.5360246     -7.4715829      0.8516762      0.0095498      0.1265292      0.5353372      0.6030025      0.0271796      1.0499220      0.0038911      0.0051278      0.0158698      0.8590000      0.0140000      0.2208400      0.0009400      3.3631300      0.0283100   3421.0000000     29.0000000      0.4183000      0.0070000      0.0215500      0.0002580      0.0500000   -999.0000000      7.0000000
     0.8101812     -0.1061834      0.2644065      9.9988578      7.5347975      1.5624339      3.7163403     -6.6168592      1.0007828      0.0409088      0.1242058      0.0758873      0.3964784      0.0583081      0.3627901      0.0092456      0.0483394      0.0258214      1.0000000      0.0040000      0.1327600      0.0005000     24.2500000      0.2825400   5195.0000000     18.0000000      0.8101000      0.0045000      0.4299700      0.0059650     -0.1400000   -999.0000000      2.0000000
     0.1665992     -0.2279092      0.3055658     10.0660165      1.8251511      2.7822667      3.5077556     -7.4863246      0.9519308      0.0018383      0.0962756      0.4520716      0.5932637      0.0067474      0.8338610      0.0020052      0.0093563      0.0075981      0.9520000      0.0050000      0.5483100      0.0015100      3.2629200      0.0565900   3225.0000000     16.0000000      0.1869000      0.0012000      0.0033920      0.0000620     -0.4000000   -999.0000000      7.0000000
     0.8437935     -0.1138372      0.2529865      9.8912337      5.0803660      1.7224499      3.7307054     -6.1918874      1.5156083      0.0415902      0.1421141      0.0718498      0.3645691      0.0404608      0.3876895      0.0157718      0.0748794      0.0276796      1.5150000      0.0050000      0.1959600      0.0008700     64.3329600      1.8793900   5386.0000000     40.0000000      0.8310000      0.0044000      0.5235520      0.0159860     -0.0100000   -999.0000000      2.0000000
     0.7093644     -0.0085451      0.2821569     10.0582677      5.1068206      1.4301274      3.6477926     -6.7105652      1.2204149      0.0336486      0.1911213      0.5505830      0.6312599      0.0322051      0.6394634      0.0041065      0.0121243      0.0194829      1.2210000      0.0150000      0.1959600      0.0008700     19.4020000      0.4120000   4446.0000000     36.0000000      0.6697000      0.0089000      0.1578970      0.0036340     -0.1200000   -999.0000000      2.0000000
     0.8114414     -0.1101072      0.2712061      9.9120820     11.0357015      1.3901552      3.7009912     -7.0317284      0.6668573      0.0376643      0.1328652      0.0592327      0.4069109      0.0679510      0.3111730      0.0068782      0.0221503      0.0177010      0.6660000      0.0060000      0.0907100      0.0003000      9.2785000      0.0594400   5006.0000000     24.0000000      0.7897000      0.0077000      0.3523940      0.0032450     -0.3300000   -999.0000000      2.0000000
     0.8385121     -0.4379690      0.2723008      9.5658102      3.6531212      1.4015105      3.7308177     -5.9239668      2.0897940      0.0418888      0.2708415      0.0989499      0.4332577      0.0040538      0.3917206      0.0153330      0.0610631      0.0790719      2.0780000      0.0310000      0.2739600      0.0001700    119.8023000      1.3945000   5373.0000000     43.0000000      0.8153900      0.0121700      0.4988300      0.0058390     -0.6000000   -999.0000000      2.0000000
     0.3612589      0.1856136      0.2666169     10.0510551      3.5531358      0.6341545      3.5305660     -7.4093896      0.9336785      0.0074530      0.0799340      0.5438933      0.5406064      0.0282141      1.0980547      0.0025614      0.0068702      0.0105560      0.9370000      0.0080000      0.2830000      0.0016900      3.8975100      0.0449000   3398.0000000     17.0000000      0.3561000      0.0039000      0.0152080      0.0002520     -0.2300000   -999.0000000      7.0000000
     0.2861905      0.3968562      0.2420443     10.1364571      3.4955720      0.5180916      3.5061838     -7.6473618      0.7993326      0.0100039      0.0903548      0.2264054      0.5703337      0.0323493      0.9120630      0.0051724      0.0118285      0.0133887      0.8510000      0.0150000      0.2830000      0.0016900      2.2445300      0.0375400   3106.0000000     30.0000000      0.3232000      0.0061000      0.0087580      0.0001800     -0.3000000   -999.0000000      7.0000000
     0.4989258      0.2287336      0.2844108     10.1041281      5.8641338      0.8760400      3.5534037     -7.5202468      0.7452107      0.0099437      0.0856427      0.4065319      0.5652312      0.0494229      0.8609110      0.0026432      0.0046469      0.0094240      0.7470000      0.0080000      0.1703600      0.0010000      3.0174400      0.0229600   3570.0000000     20.0000000      0.4713000      0.0060000      0.0324910      0.0004550      0.1000000      0.0800000      7.0000000
     0.8863746     -0.1198908      0.2624431      9.9745720     10.0156283      1.7065910      3.7318013     -6.7848166      0.7722726      0.0511762      0.1012626      0.0986956      0.4652800      0.0999244      0.4201392      0.0135155      0.0461443      0.0382421      0.7630000      0.0210000      0.0993300      0.0005300     16.4083000      0.1966000   5394.0000000     76.0000000      0.8190000      0.0240000      0.5197140      0.0083390     -0.0400000   -999.0000000      2.0000000
     0.8361107     -0.1469687      0.2584133      9.6435192      5.7514266      1.8150169      3.7196378     -6.4012571      1.2549070      0.0426182      0.1934732      0.1022312      0.3918380      0.0103678      0.4059966      0.0126338      0.0475015      0.0417776      1.2540000      0.0120000      0.1737700      0.0001800     39.8109000      0.4271600   5251.0000000     29.0000000      0.7780000      0.0080000      0.4120160      0.0045020     -0.3100000   -999.0000000      2.0000000
     0.5636443      0.2318484      0.2904118     10.1260016      7.0707570      0.6566822      3.5721563     -7.4736366      0.7206774      0.0143156      0.1285965      0.4040310      0.5555234      0.0460739      1.1067766      0.0030428      0.0064834      0.0109198      0.7220000      0.0080000      0.1418700      0.0006400      3.3480900      0.0360300   3727.0000000     23.0000000      0.5472000      0.0067000      0.0519850      0.0007300     -0.0600000   -999.0000000      7.0000000
     0.6847744      0.0060661      0.2786823     10.0571313      3.4991011      1.0024305      3.6320006     -6.4487347      1.7748897      0.0274993      0.1654104      0.2887909      0.5426919      0.0101781      0.7327111      0.0024622      0.0075542      0.0192312      1.7750000      0.0130000      0.2860400      0.0005600     35.4910000      0.4440000   4289.0000000     21.0000000      0.6611000      0.0048000      0.1355580      0.0017770     -0.1900000   -999.0000000      7.0000000
     0.6179991      0.0065034      0.3003012      9.9520853      3.4935139      0.9787156      3.6065189     -6.6519082      1.5787514      0.0221339      0.1609322      0.5915230      0.4967294      0.0099982      0.8021489      0.0035530      0.0054562      0.0250956      1.5810000      0.0220000      0.2860400      0.0005600     22.2523800      0.1923500   4044.0000000     29.0000000      0.6010000      0.0072000      0.0849930      0.0008070     -0.2200000   -999.0000000      7.0000000
     0.7604115     -0.0063248      0.2783942     10.1000405      3.6191634      1.0885309      3.6594549     -6.2869772      1.8832490      0.0300855      0.1641788      0.2233584      0.6191101      0.0055248      0.4972061      0.0036996      0.0127024      0.0285906      1.8810000      0.0170000      0.2760600      0.0002800     51.4025000      1.0280000   4570.0000000     31.0000000      0.7320000      0.0060000      0.2107840      0.0042370     -0.0700000   -999.0000000      3.0000000
     0.5869158      0.1934742      0.2619285     10.0776892     10.0806281      0.6600424      3.5721040     -7.7473152      0.5265018      0.0155419      0.1099952      0.3106993      0.5742521      0.2380014      0.9124238      0.0059854      0.0051485      0.0149538      0.5320000      0.0140000      0.0976100      0.0015300      1.7910800      0.0148100   3713.0000000     49.0000000      0.5863000      0.0179000      0.0587470      0.0019050      0.1700000      0.0800000      7.0000000
     0.3334817      0.3998661      0.5997546     10.0872079      4.5545538      0.5140175      3.5115109     -7.7169474      0.7152576      0.0150435      0.0807632      0.3677781      0.4000199      0.0899067      0.8268395      0.0072051      0.0061562      0.0157729      0.7460000      0.0090000      0.2132800      0.0021200      1.9156600      0.0151700   3189.0000000     20.0000000      0.3761000      0.0059000      0.0131610      0.0002820      0.1700000      0.0800000      7.0000000
     0.5805509      0.3008923      0.2556508      9.9136683      6.8266509      1.2191304      3.5701029     -7.4492151      0.7437137      0.0141662      0.1267044      0.2515532      0.4794598      0.0668734      0.7510099      0.0017056      0.0048265      0.0065657      0.7440000      0.0040000      0.1460900      0.0010000      3.5448500      0.0271500   3724.0000000     12.0000000      0.5477000      0.0048000      0.0519060      0.0008140      0.2100000   -999.0000000      7.0000000
     0.4874047     -0.0581022      0.2612198      8.8064969      3.2746005      2.7803337      3.5696967     -6.9613359      1.3075106      0.0148256      0.1582799      0.9637752      0.6393356      0.0106554      0.9007013      0.0049279      0.0095597      0.0304890      1.3040000      0.0320000      0.3052600      0.0007000     10.8945000      0.1680200   3724.0000000     48.0000000      0.4712000      0.0086000      0.0365370      0.0005880     -0.0600000   -999.0000000      7.0000000
     0.7808246      0.0613887      0.2865680     10.1283357      6.5385844      1.1072920      3.6784731     -6.6788357      1.1026430      0.0364587      0.1690112      0.0564381      0.5239726      0.0216575      0.4506343      0.0041344      0.0134474      0.0337426      1.1060000      0.0070000      0.1527600      0.0002900     20.8979400      0.1220800   4759.0000000     17.0000000      0.7784000      0.0053000      0.2798630      0.0019500     -0.0500000   -999.0000000      2.0000000
     0.4147150      0.2937883      0.2803210     10.0581301      6.0741453      0.5321175      3.5263525     -7.7956107      0.6121383      0.0106425      0.0942147      0.5388525      0.4890226      0.0868766      0.9064833      0.0061597      0.0129207      0.0132826      0.6230000      0.0100000      0.1617600      0.0016600      1.5921600      0.0332500   3332.0000000     32.0000000      0.4139000      0.0076000      0.0190150      0.0005570      0.0300000      0.0800000      7.0000000
     0.1577039      0.4121194      0.3975537      9.9610796      3.1395333      0.9165473      3.4735054     -8.1050653      0.5477975      0.0042269      0.0674722      0.2605484      0.4799760      0.0146814      0.7597980      0.0050214      0.0137801      0.0112846      0.6080000      0.0080000      0.3167000      0.0007000      0.7589300      0.0118200   2802.0000000     21.0000000      0.2070000      0.0029000      0.0023650      0.0000380      0.2300000      0.0800000      7.0000000
     0.8200093     -0.1694201      0.2700935      9.9843364     16.6838998      1.5009608      3.7104414     -7.3667119      0.4366137      0.0428200      0.1611682      0.1665120      0.4724057      0.2803678      0.5945444      0.0104496      0.0302254      0.0201341      0.4330000      0.0140000      0.0594600      0.0005900      4.2998000      0.0860000   5123.0000000     87.0000000      0.7821000      0.0258000      0.3800670      0.0107080     -0.2800000   -999.0000000      2.0000000
