     0.7763914     -0.0174540      0.2482154     10.1698581      7.1922296      1.0378489      3.6721296     -6.7651378      1.0299667      0.0333717      0.1649484      0.0333177      0.5266323      0.0364101      0.3986616      0.0019906      0.0029052      0.0073134      1.0300000      0.0070000      0.1392700      0.0004500     17.1834000      0.1059100   4696.0000000     18.0000000      0.7949000      0.0062000      0.2768570      0.0024720     -0.2700000   -999.0000000      2.0000000
     0.8017176     -0.1391067      0.3258931     10.0650904     10.3564368      1.4625169      3.7093159     -6.9367517      0.7162171      0.0456536      0.1366379      0.0372278      0.5201014      0.0559215      0.5545856      0.0021777      0.0078918      0.0062179      0.7130000      0.0060000      0.0966000      0.0004000     11.5675000      0.2313500   5113.0000000     33.0000000      0.7935000      0.0072000      0.3873880      0.0083860      0.0800000   -999.0000000      3.0000000
     0.7712055     -0.1404293      0.2632028      9.4782024      3.2153474      1.6542655      3.7054663     -5.9886901      2.1488080      0.0495056      0.1650195      0.0309082      0.5063400      0.0021425      0.6932602      0.0027677      0.0054366      0.0299393      2.1480000      0.0290000      0.3109400      0.0001600    102.3041000      1.1903300   5080.0000000     37.0000000      0.7350000      0.0050000      0.3306750      0.0038620     -0.1600000   -999.0000000      2.0000000
     0.4003501     -0.0978820      0.2729687     10.1210762      3.5862265      0.6247529      3.5566630     -7.2467501      1.0070592      0.0096974      0.1251240      0.0334747      0.6281315      0.0125374      1.0783390      0.0011933      0.0033583      0.0046916      1.0050000      0.0050000      0.2787600      0.0007700      5.6687900      0.0454000   3603.0000000     12.0000000      0.3863000      0.0021000      0.0227980      0.0002220     -0.3000000   -999.0000000      7.0000000
     0.7944341     -0.1159123      0.2827732      9.5830348      4.9816324      1.0207692      3.7127997     -6.2755443      1.5033298      0.0375975      0.1478175      0.0302759      0.4774214      0.0077535      0.4077191      0.0013064      0.0057803      0.0062578      1.5040000      0.0060000      0.2006200      0.0002300     52.8799000      0.6227400   5148.0000000     18.0000000      0.8051000      0.0035000      0.4105850      0.0049260     -0.4400000   -999.0000000      2.0000000
     0.7373092      0.4100491      0.2681031      9.8388308     11.3048042      1.0773502      3.6122045     -7.5166019      0.5697416      0.0365622      0.1015059      0.0334936      0.5525829      0.1531420      0.6674657      0.0067960      0.0048028      0.0193950      0.5860000      0.0220000      0.0877800      0.0009700      3.0277100      0.0316900   4034.0000000     76.0000000      0.7176000      0.0280000      0.1227960      0.0030030      0.3900000      0.0800000      7.0000000
     0.4904165      0.0604232      0.3270062      8.7941127      9.3634998      2.7938566      3.5633284     -7.9025100      0.4591388      0.0211614      0.0973033      0.0278867      0.6363824      0.2854866      0.9503768      0.0059674      0.0043735      0.0125838      0.4540000      0.0190000      0.1078300      0.0028500      1.2537100      0.0111900   3676.0000000     77.0000000      0.4525000      0.0221000      0.0336960      0.0018060      0.1400000      0.0800000      7.0000000
     0.7989756     -0.0873920      0.2478526     10.1231677      8.6945337      1.4285605      3.6805046     -6.9210435      0.8265276      0.0390321      0.1760435      0.0337932      0.6010102      0.0532011      0.4633741      0.0020217      0.0051616      0.0062436      0.8290000      0.0070000      0.1148400      0.0005000     12.0460000      0.1425900   4790.0000000     25.0000000      0.7759000      0.0073000      0.2854420      0.0041950      0.1400000   -999.0000000      2.0000000
     0.6163514      0.2592373      0.3209464      8.8950244      5.6448876      2.5503566      3.5821988     -7.1972793      0.9433530      0.0149642      0.1562688      0.0309569      0.4917960      0.0504784      0.7825754      0.0009679      0.0034331      0.0037561      0.9430000      0.0040000      0.1767700      0.0011800      6.3402100      0.0537100   3825.0000000     11.0000000      0.5735000      0.0044000      0.0634090      0.0010030      0.4900000   -999.0000000      7.0000000
     0.6328678      0.0905038      0.2390480     10.1202756     11.1299362      0.6278516      3.5921949     -7.6905309      0.5069893      0.0310699      0.1897265      0.0343490      0.6356332      0.1648461      0.9340280      0.0052735      0.0046438      0.0128307      0.5190000      0.0150000      0.0889700      0.0010200      2.0395100      0.0198000   3883.0000000     57.0000000      0.6266000      0.0193000      0.0805190      0.0020050      0.0500000   -999.0000000      7.0000000
     0.7606812     -0.4630803      0.2580727     10.1398426     16.5857095      1.0258919      3.7079283     -7.3083611      0.4651170      0.0427469      0.1551591      0.0359809      0.5467766      0.1941382      0.3572418      0.0040387      0.0132465      0.0041408      0.4650000      0.0040000      0.0596400      0.0005600      4.8194000      0.1445800   5087.0000000     44.0000000      0.8387000      0.0109000      0.4234280      0.0149860     -0.8300000   -999.0000000      2.0000000
     0.8593510     -0.1107447      0.3229621     10.1397131     12.5239783      1.1258561      3.7234688     -6.9229629      0.6772353      0.0476183      0.0377737      0.0310747      0.5439202      0.0727570      0.3831823      0.0051776      0.0093596      0.0134169      0.6740000      0.0140000      0.0800400      0.0003500     11.9156000      0.2383100   5298.0000000     61.0000000      0.9058000      0.0190000      0.5812500      0.0126880     -0.1100000      0.0300000      2.0000000
     0.5876120     -0.0713831      0.2650926     10.1548706      6.1808193      0.6262730      3.5950561     -7.2165267      0.8741088      0.0297592      0.1870007      0.0349492      0.6703326      0.1134665      1.0715924      0.0036269      0.0046862      0.0138124      0.8710000      0.0150000      0.1621300      0.0023700      6.0882300      0.0590400   3940.0000000     35.0000000      0.5773000      0.0131000      0.0723810      0.0022290     -0.0400000   -999.0000000      7.0000000
     0.5954601      0.0173354      0.3149905     10.1389877      6.1176907      0.8249495      3.5962315     -7.2278173      0.8519692      0.0251628      0.1805426      0.0344623      0.6602260      0.1103440      0.9085194      0.0037556      0.0056946      0.0146390      0.8560000      0.0160000      0.1621300      0.0023700      5.9220000      0.0714100   3947.0000000     39.0000000      0.5673000      0.0137000      0.0704050      0.0022270     -0.0400000   -999.0000000      7.0000000
     0.7460280     -0.4626366      0.3020812      9.6025779      7.4636852      1.7284685      3.7041725     -6.7802929      0.8687077      0.0345070      0.1834974      0.0316193      0.4411681      0.0364592      0.6080284      0.0012844      0.0048607      0.0042149      0.8680000      0.0040000      0.1341400      0.0005100     16.5153000      0.1930700   5065.0000000     19.0000000      0.6954000      0.0041000      0.2868340      0.0040000     -0.4200000   -999.0000000      2.0000000
     0.6859456      0.1722151      0.3239122      9.8229099      4.8721271      1.0329505      3.6186282     -6.8225070      1.2259331      0.0259898      0.1751140      0.0397708      0.4938663      0.0154624      0.7649979      0.0014467      0.0036438      0.0069620      1.2250000      0.0080000      0.2052100      0.0005400     14.9496600      0.1221900   4159.0000000     16.0000000      0.6398000      0.0046000      0.1109420      0.0010780      0.2400000   -999.0000000      7.0000000
     0.4812556      0.3789003      0.2310483     10.1402731      4.8674852      0.5355280      3.5177233     -7.5302168      0.8704239      0.0107836      0.0406608      0.0037981      0.5907361      0.0816075      0.0809276      0.0015775      0.0054232      0.0051641      0.8740000      0.0050000      0.2046000      0.0028000      2.9402500      0.0353900   3279.0000000     14.0000000      0.4593000      0.0068000      0.0219500      0.0006560      0.1500000      0.0800000      7.0000000
     0.4158936      0.1942828      0.2379995     10.1538601      6.6524460      0.6252536      3.5322545     -7.8604618      0.5531911      0.0138289      0.1504390      0.0339477      0.6561114      0.0971403      0.9264311      0.0043616      0.0055341      0.0107446      0.5670000      0.0150000      0.1501000      0.0017000      1.3742000      0.0163700   3366.0000000     46.0000000      0.4060000      0.0117000      0.0190610      0.0004880     -0.1900000   -999.0000000      4.0000000
     0.4158445     -0.1532077      0.2349941     10.1094029      2.5465877      0.9257648      3.5145738     -6.9144930      1.4478543      0.0104427      0.1346503      0.0399622      0.5893581      0.0056903      0.8904963      0.0355809      0.0509132      0.0193984      1.4320000      0.0130000      0.3926400      0.0006700     10.8213000      0.0956700   3548.0000000     18.0000000      0.3924000      0.0033000      0.0219360      0.0002080     -0.3800000   -999.0000000      7.0000000
     0.4141146     -0.1628192      0.2430077     10.0342326      4.8436661      0.6527867      3.5513238     -7.5073630      0.7577238      0.0124030      0.1365359      0.0350626      0.5526865      0.0301511      0.9702343      0.0040422      0.0068873      0.0147431      0.7640000      0.0170000      0.2062700      0.0010000      3.0865900      0.0422600   3550.0000000     41.0000000      0.3982000      0.0091000      0.0226710      0.0003800     -0.3700000   -999.0000000      7.0000000
     0.4766636      0.2913838      0.2360942     10.1091336      9.9003128      0.6264447      3.5179348     -8.0209014      0.4075710      0.0231800      0.1512986      0.0407595      0.5980228      0.3168039      1.0446609      0.0255203      0.0616019      0.0114599      0.4170000      0.0130000      0.0986100      0.0023300      0.8276600      0.0093200   3458.0000000     55.0000000      0.4546000      0.0182000      0.0265990      0.0012920      0.0100000   -999.0000000      7.0000000
     0.7123879     -0.4827182      0.2402450      9.8067795      9.1080198      1.6509206      3.6890108     -7.0560089      0.6795622      0.0276026      0.0810942      0.0325584      0.4514812      0.0432144      0.6653493      0.0019793      0.0032566      0.0060612      0.6790000      0.0070000      0.1099900      0.0004100      8.7658000      0.0600000   4888.0000000     27.0000000      0.6784200      0.0054800      0.2264370      0.0022920     -1.2600000   -999.0000000      3.0000000
     0.7692536     -0.1393374      0.2613224      9.9899906     11.0711289      1.4051196      3.6943895     -7.1089790      0.6185158      0.0441410      0.1730227      0.0323829      0.4891570      0.1273500      0.7161823      0.0024325      0.0061214      0.0059753      0.6220000      0.0060000      0.0903200      0.0007400      7.7674000      0.1142000   4955.0000000     30.0000000      0.7405000      0.0094000      0.2975560      0.0065510     -0.2400000   -999.0000000      2.0000000
     0.5061402     -0.0125126      0.2579955     10.1670674      7.6573813      0.6533009      3.5717598     -7.6561279      0.5845814      0.0213320      0.0928798      0.0310931      0.6965833      0.0810822      1.0161382      0.0048873      0.0038362      0.0135621      0.5930000      0.0160000      0.1306200      0.0010500      2.2061400      0.0182200   3705.0000000     51.0000000      0.4882000      0.0315000      0.0404090      0.0007300     -0.0900000      0.0800000      7.0000000
     0.5056582     -0.0130285      0.2359944     10.1397703      5.3709357      0.6507340      3.5601750     -7.3973019      0.8294233      0.0166839      0.1494816      0.0343339      0.6208738      0.0419449      0.9619915      0.0034155      0.0065877      0.0126205      0.8350000      0.0140000      0.1854900      0.0011000      4.0127200      0.0525100   3626.0000000     33.0000000      0.4840000      0.0084000      0.0364470      0.0006440     -0.3100000   -999.0000000      7.0000000
     0.7593845     -0.4635693      0.3145639      9.6770194      7.5487102      1.3980058      3.7284972     -6.5871718      0.9708211      0.0452392      0.1413020      0.0269415      0.4445199      0.0644602      0.5076982      0.0024878      0.0059983      0.0093129      0.9730000      0.0090000      0.1323800      0.0008200     25.8044000      0.3077000   5349.0000000     29.0000000      0.7910000      0.0080000      0.4601620      0.0079120     -0.9200000   -999.0000000      2.0000000
     0.1207705     -0.1227428      0.3258967      8.8350398      1.2997675      1.7238926      3.4581613     -7.4717439      1.0044009      0.0036355      0.1987691      0.0356642      0.6143273      0.0052865      0.8339747      0.0251675      0.0434241      0.0381280      1.0110000      0.0520000      0.7716400      0.0026000      3.0602000      0.0612000   3079.0000000     81.0000000      0.1410000      0.0070000      0.0016060      0.0000340      0.0000000   -999.0000000      5.0000000
     0.8242628     -0.0065045      0.2838559     10.1692887      1.3387156      1.4414365      3.7153579     -5.0636371      6.0045982      0.0474287      0.1385171      0.0287007      0.5242650      0.0031606      0.4171802      0.0025087      0.0099136      0.0215059      6.0000000      0.0210000      0.7471000      0.0012000    865.4461100     17.3089000   5184.0000000     27.0000000      0.8671500      0.0028700      0.4845560      0.0098150      0.2100000   -999.0000000      3.0000000
     0.8125625     -0.1455185      0.3208171     10.0328573      6.7133231      1.4310849      3.7451460     -6.3431062      1.1979957      0.0564282      0.1334995      0.0220131      0.4564636      0.0293324      0.4838879      0.0030883      0.0030579      0.0166539      1.1960000      0.0140000      0.1489800      0.0004800     45.3513900      0.2972900   5555.0000000     34.0000000      0.8627000      0.0107000      0.6385520      0.0058700     -0.1600000   -999.0000000      2.0000000
     0.7582655     -0.1239250      0.2582052     10.1244276      5.8891521      0.9776879      3.6600198     -6.6979746      1.1761113      0.0426263      0.2139399      0.0339670      0.6266411      0.0394201      0.7655127      0.0048111      0.0032642      0.0276206      1.1770000      0.0300000      0.1698500      0.0008200     20.0192000      0.1329000   4564.0000000     59.0000000      0.7390000      0.0190000      0.2168590      0.0025410     -0.0600000   -999.0000000      3.0000000
     0.3059475     -0.2326699      0.3199914     10.1224960      6.2154196      2.7721550      3.5256519     -7.9509047      0.4488957      0.0121605      0.1434770      0.0352808      0.6598809      0.0669082      0.9664821      0.0156216      0.0660290      0.0112158      0.4460000      0.0140000      0.1601200      0.0013300      0.9608500      0.0076700   3471.0000000     55.0000000      0.2990000      0.0100000      0.0117120      0.0002160     -0.1500000   -999.0000000      7.0000000
     0.8615633     -0.1181318      0.3261582      9.9437813     17.5515340      1.4509306      3.7447127     -7.1680932      0.4569857      0.0584052      0.1155519      0.0256422      0.4913492      0.1420974      0.5582731      0.0080425      0.0095619      0.0157438      0.4590000      0.0170000      0.0569100      0.0003400      6.7864900      0.1357300   5577.0000000    107.0000000      0.8668000      0.0324000      0.6548310      0.0152560      0.3300000   -999.0000000      2.0000000
     0.3385669     -0.2772608      0.2379434     10.1397684      6.5202207      0.6517316      3.5078618     -7.8881169      0.4707408      0.0113619      0.0894850      0.0276725      0.6477592      0.0516069      0.9420266      0.0377725      0.0744240      0.0095218      0.4750000      0.0130000      0.1534600      0.0009900      1.0874100      0.0120100   3469.0000000     48.0000000      0.3328000      0.0093000      0.0144300      0.0002450     -0.3500000      0.0800000      7.0000000
     0.8043025     -0.1836813      0.3213049      9.5796210      9.7580490      1.4697314      3.7324933     -6.8280501      0.7260529      0.0417840      0.1130907      0.0214901      0.4081952      0.0497209      0.5620562      0.0034346      0.0028874      0.0115819      0.7240000      0.0110000      0.1025500      0.0004000     14.8801000      0.0900000   5404.0000000     42.0000000      0.7591000      0.0122000      0.4421770      0.0043650      0.0400000   -999.0000000      3.0000000
     0.5478500      0.1180392      0.2370330     10.0939186     10.3168916      0.6001436      3.5587789     -7.8879294      0.4712158      0.0189165      0.0944073      0.0209895      0.5871369      0.1800260      0.8617316      0.0042606      0.0046310      0.0101430      0.4840000      0.0120000      0.0966700      0.0013900      1.2984000      0.0128600   3592.0000000     45.0000000      0.5387000      0.0157000      0.0434200      0.0013210      0.0300000      0.0800000      7.0000000
     0.6710206      0.1625050      0.3257761     10.0005285      7.7093945      1.5033692      3.6201350     -7.2270715      0.7703855      0.0258832      0.1728165      0.0398209      0.5437175      0.0612764      0.7696524      0.0018166      0.0031617      0.0064647      0.7680000      0.0070000      0.1298600      0.0007300      5.9265400      0.0446000   4168.0000000     21.0000000      0.6359000      0.0071000      0.1098280      0.0014860      0.1900000   -999.0000000      7.0000000
     0.7954702     -0.1784399      0.3191232      9.7354640     12.8175479      1.2508218      3.6874777     -7.0335133      0.5781871      0.0521867      0.1719976      0.0305688      0.4923291      0.0668116      0.5998061      0.0323039      0.0497473      0.0094641      0.5730000      0.0100000      0.0781100      0.0003000      8.2539000      0.1000000   5242.0000000     48.0000000      0.7891000      0.0144000      0.4227730      0.0060650     -0.5200000   -999.0000000      2.0000000
     0.4393344      0.2111462      0.2439489     10.1385618      4.5183120      0.6506888      3.5009429     -7.4201727      0.8588175      0.0124326      0.1325258      0.0357799      0.6397648      0.0248110      0.9962972      0.0344678      0.0528733      0.0127461      0.8590000      0.0140000      0.2208400      0.0009400      3.3631300      0.0283100   3421.0000000     29.0000000      0.4183000      0.0070000      0.0215500      0.0002580      0.0500000   -999.0000000      7.0000000
     0.8000446     -0.1314534      0.2991374     10.1090950      7.5093206      1.4808461      3.7152819     -6.6154712      1.0012906      0.0440711      0.1311469      0.0291085      0.5627614      0.0375514      0.5040888      0.0015247      0.0055898      0.0039648      1.0000000      0.0040000      0.1327600      0.0005000     24.2500000      0.2825400   5195.0000000     18.0000000      0.8101000      0.0045000      0.4299700      0.0059650     -0.1400000   -999.0000000      2.0000000
     0.1659823     -0.2525024      0.2700121     10.0487054      1.8212519      0.6533042      3.4875369     -7.4317645      0.9451612      0.0025129      0.1129891      0.0333755      0.5849390      0.0064284      1.0319126      0.0209353      0.0536121      0.0067417      0.9520000      0.0050000      0.5483100      0.0015100      3.2629200      0.0565900   3225.0000000     16.0000000      0.1869000      0.0012000      0.0033920      0.0000620     -0.4000000   -999.0000000      7.0000000
     0.8110135     -0.1345374      0.3259884      9.5840962      5.0991676      1.4318818      3.7310039     -6.1947491      1.5165354      0.0498886      0.1476907      0.0309192      0.4186996      0.0303943      0.3899415      0.0030480      0.0133699      0.0048841      1.5150000      0.0050000      0.1959600      0.0008700     64.3329600      1.8793900   5386.0000000     40.0000000      0.8310000      0.0044000      0.5235520      0.0159860     -0.0100000   -999.0000000      2.0000000
     0.6864967     -0.1298266      0.2371005     10.0185052      5.1064967      1.3220165      3.6477526     -6.7125674      1.2173369      0.0371048      0.1825142      0.0399632      0.5523324      0.0281347      0.8089481      0.0027043      0.0094216      0.0136829      1.2210000      0.0150000      0.1959600      0.0008700     19.4020000      0.4120000   4446.0000000     36.0000000      0.6697000      0.0089000      0.1578970      0.0036340     -0.1200000   -999.0000000      2.0000000
     0.8084360     -0.0836052      0.2862436      9.7441223     11.0317960      1.0874544      3.6999576     -7.0324468      0.6680729      0.0430435      0.1960900      0.0319016      0.4766130      0.0566109      0.5463201      0.0020586      0.0028385      0.0062840      0.6660000      0.0060000      0.0907100      0.0003000      9.2785000      0.0594400   5006.0000000     24.0000000      0.7897000      0.0077000      0.3523940      0.0032450     -0.3300000   -999.0000000      2.0000000
     0.8029092     -0.4789726      0.3250180      9.6293114      3.6495271      1.4516044      3.7298440     -5.9200654      2.0820080      0.0537956      0.1872522      0.0363888      0.4770583      0.0031344      0.5020694      0.0029954      0.0051782      0.0285744      2.0780000      0.0310000      0.2739600      0.0001700    119.8023000      1.3945000   5373.0000000     43.0000000      0.8153900      0.0121700      0.4988300      0.0058390     -0.6000000   -999.0000000      2.0000000
     0.3741810      0.0551816      0.2350132     10.1541844      3.5407832      0.6248524      3.5320419     -7.4094711      0.9361845      0.0097158      0.1224755      0.0382762      0.6762881      0.0280291      0.9676708      0.0017597      0.0050276      0.0081621      0.9370000      0.0080000      0.2830000      0.0016900      3.8975100      0.0449000   3398.0000000     17.0000000      0.3561000      0.0039000      0.0152080      0.0002520     -0.2300000   -999.0000000      7.0000000
     0.3020207      0.3978675      0.2328878     10.1381061      3.5338872      0.5750316      3.4614080     -7.5876730      0.8280719      0.0107554      0.0756534      0.0174668      0.5588018      0.0264344      0.6958922      0.0415257      0.0575834      0.0166765      0.8510000      0.0150000      0.2830000      0.0016900      2.2445300      0.0375400   3106.0000000     30.0000000      0.3232000      0.0061000      0.0087580      0.0001800     -0.3000000   -999.0000000      7.0000000
     0.4953452      0.0634061      0.2560449     10.1398719      5.8758086      0.7296041      3.5524469     -7.5200159      0.7433743      0.0152914      0.0923644      0.0316658      0.6523226      0.0461867      0.9102790      0.0019519      0.0036764      0.0070915      0.7470000      0.0080000      0.1703600      0.0010000      3.0174400      0.0229600   3570.0000000     20.0000000      0.4713000      0.0060000      0.0324910      0.0004550      0.1000000      0.0800000      7.0000000
     0.8596001     -0.1334617      0.3260308      9.9119187     10.0752523      1.4208708      3.7313642     -6.7847142      0.7709719      0.0571410      0.1515441      0.0331600      0.5129240      0.0666864      0.5521254      0.0056018      0.0057587      0.0195502      0.7630000      0.0210000      0.0993300      0.0005300     16.4083000      0.1966000   5394.0000000     76.0000000      0.8190000      0.0240000      0.5197140      0.0083390     -0.0400000   -999.0000000      2.0000000
     0.7966021     -0.1534720      0.3139988      9.6148662      5.7502963      1.2325308      3.7200417     -6.4013750      1.2565771      0.0462207      0.1768424      0.0275060      0.5086907      0.0081781      0.5949825      0.0021441      0.0051462      0.0119123      1.2540000      0.0120000      0.1737700      0.0001800     39.8109000      0.4271600   5251.0000000     29.0000000      0.7780000      0.0080000      0.4120160      0.0045020     -0.3100000   -999.0000000      2.0000000
     0.5757329      0.0582670      0.2350127     10.1381827      7.0384162      0.6011815      3.5715485     -7.4762501      0.7193263      0.0191300      0.1569690      0.0369616      0.6550418      0.0419774      1.0631787      0.0020965      0.0051230      0.0071532      0.7220000      0.0080000      0.1418700      0.0006400      3.3480900      0.0360300   3727.0000000     23.0000000      0.5472000      0.0067000      0.0519850      0.0007300     -0.0600000   -999.0000000      7.0000000
     0.6760245     -0.0263184      0.2529738      9.7631175      3.4934728      0.9895480      3.6328344     -6.4480599      1.7788558      0.0319362      0.1897519      0.0328068      0.5239969      0.0087086      0.6889238      0.0017181      0.0053699      0.0123118      1.7750000      0.0130000      0.2860400      0.0005600     35.4910000      0.4440000   4289.0000000     21.0000000      0.6611000      0.0048000      0.1355580      0.0017770     -0.1900000   -999.0000000      7.0000000
     0.6220391     -0.1549054      0.2441101     10.1385436      3.4947495      0.9034847      3.6063478     -6.6532729      1.5816473      0.0233814      0.1741668      0.0327852      0.6620146      0.0090123      0.8222396      0.0025367      0.0040552      0.0185024      1.5810000      0.0220000      0.2860400      0.0005600     22.2523800      0.1923500   4044.0000000     29.0000000      0.6010000      0.0072000      0.0849930      0.0008070     -0.2200000   -999.0000000      7.0000000
     0.7423955     -0.0129402      0.3109625     10.1319261      3.6212444      1.0991446      3.6606446     -6.2914055      1.8811539      0.0364166      0.1987475      0.0348771      0.5739939      0.0049819      0.5935671      0.0028318      0.0081838      0.0168968      1.8810000      0.0170000      0.2760600      0.0002800     51.4025000      1.0280000   4570.0000000     31.0000000      0.7320000      0.0060000      0.2107840      0.0042370     -0.0700000   -999.0000000      3.0000000
     0.6002410      0.1717923      0.2569091     10.1539357     10.2425804      0.6253618      3.5711260     -7.7466839      0.5272556      0.0263777      0.0968750      0.0314146      0.6579757      0.2241275      0.9253684      0.0048566      0.0040368      0.0116855      0.5320000      0.0140000      0.0976100      0.0015300      1.7910800      0.0148100   3713.0000000     49.0000000      0.5863000      0.0179000      0.0587470      0.0019050      0.1700000      0.0800000      7.0000000
     0.3623340      0.3993672      0.2332050     10.1231987      4.6608517      0.5742082      3.5096889     -7.7156164      0.7232571      0.0127457      0.0564614      0.0077803      0.5363110      0.0560015      0.2059871      0.0027477      0.0040391      0.0092528      0.7460000      0.0090000      0.2132800      0.0021200      1.9156600      0.0151700   3189.0000000     20.0000000      0.3761000      0.0059000      0.0131610      0.0002820      0.1700000      0.0800000      7.0000000
     0.5840549      0.2947646      0.2519540      8.7761579      6.8635688      2.6535328      3.5712072     -7.4501307      0.7438495      0.0165511      0.1580721      0.0352237      0.6473371      0.0617988      0.8165745      0.0010645      0.0032686      0.0037243      0.7440000      0.0040000      0.1460900      0.0010000      3.5448500      0.0271500   3724.0000000     12.0000000      0.5477000      0.0048000      0.0519060      0.0008140      0.2100000   -999.0000000      7.0000000
     0.4807145     -0.0724248      0.3130433     10.1362675      3.2786766      2.4911361      3.5732105     -6.9631590      1.2861684      0.0149375      0.1576763      0.0339113      0.6543202      0.0095592      0.8698857      0.0047160      0.0076498      0.0277456      1.3040000      0.0320000      0.3052600      0.0007000     10.8945000      0.1680200   3724.0000000     48.0000000      0.4712000      0.0086000      0.0365370      0.0005880     -0.0600000   -999.0000000      7.0000000
     0.7771081     -0.0287914      0.2400602     10.1547777      6.5313365      1.3873513      3.6768479     -6.6804031      1.1069609      0.0372339      0.1779586      0.0371970      0.5505519      0.0176059      0.4058997      0.0016060      0.0024927      0.0071998      1.1060000      0.0070000      0.1527600      0.0002900     20.8979400      0.1220800   4759.0000000     17.0000000      0.7784000      0.0053000      0.2798630      0.0019500     -0.0500000   -999.0000000      2.0000000
     0.4316557      0.1484015      0.2358856     10.1399920      6.1642339      0.5742041      3.5270734     -7.7949354      0.6095720      0.0115654      0.0770008      0.0122833      0.6030832      0.0804986      0.5169897      0.0030696      0.0093309      0.0095189      0.6230000      0.0100000      0.1617600      0.0016600      1.5921600      0.0332500   3332.0000000     32.0000000      0.4139000      0.0076000      0.0190150      0.0005570      0.0300000      0.0800000      7.0000000
     0.1981399      0.3295174      0.2330487     10.0479152      3.1544061      0.5727959      3.4358099     -8.0625951      0.5744246      0.0083336      0.0363452      0.0100746      0.4942969      0.0096202      0.5984591      0.0250678      0.0550172      0.0103594      0.6080000      0.0080000      0.3167000      0.0007000      0.7589300      0.0118200   2802.0000000     21.0000000      0.2070000      0.0029000      0.0023650      0.0000380      0.2300000      0.0800000      7.0000000
     0.8022177     -0.1355361      0.3259568      9.9452679     16.7184210      1.2903283      3.7099615     -7.3651250      0.4324262      0.0497051      0.1871719      0.0387623      0.5533810      0.2265945      0.6508762      0.0058201      0.0095685      0.0120139      0.4330000      0.0140000      0.0594600      0.0005900      4.2998000      0.0860000   5123.0000000     87.0000000      0.7821000      0.0258000      0.3800670      0.0107080     -0.2800000   -999.0000000      2.0000000
