     0.7727768      0.1006116      0.3124539     10.1697696      7.2018243      0.9639761      3.6713101     -6.7653062      1.0258433      0.0379076      0.2585851      0.2375795      0.4808958      0.0377380      0.3560389      0.0021904      0.0031667      0.0084340      1.0300000      0.0070000      0.1392700      0.0004500     17.1834000      0.1059100   4696.0000000     18.0000000      0.7949000      0.0062000      0.2768570      0.0024720     -0.2700000   -999.0000000      2.0000000
     0.8141754     -0.0784719      0.3164780      9.8497444     10.3859507      1.5103053      3.7099959     -6.9343531      0.7136021      0.0272405      0.1134810      0.4215510      0.4336610      0.0620824      0.2726354      0.0025925      0.0094773      0.0067039      0.7130000      0.0060000      0.0966000      0.0004000     11.5675000      0.2313500   5113.0000000     33.0000000      0.7935000      0.0072000      0.3873880      0.0083860      0.0800000   -999.0000000      3.0000000
     0.8074375     -0.0401597      0.3055786      9.4394433      3.2173931      1.5422423      3.7045993     -5.9906935      2.1600909      0.0333089      0.1656917      0.3451317      0.3678928      0.0022959      0.5067810      0.0029699      0.0061221      0.0341978      2.1480000      0.0290000      0.3109400      0.0001600    102.3041000      1.1903300   5080.0000000     37.0000000      0.7350000      0.0050000      0.3306750      0.0038620     -0.1600000   -999.0000000      2.0000000
     0.4173957     -0.1150508      1.8724014      8.8071658      3.5877781      2.9009914      3.5565850     -7.2454518      1.0071214      0.0065821      0.0816501      7.8675910      0.5789584      0.0148351      0.9060273      0.0012062      0.0038892      0.0052224      1.0050000      0.0050000      0.2787600      0.0007700      5.6687900      0.0454000   3603.0000000     12.0000000      0.3863000      0.0021000      0.0227980      0.0002220     -0.3000000   -999.0000000      7.0000000
     0.8085676     -0.0908457      0.3387467      9.9443328      4.9824898      1.4942407      3.7122335     -6.2777286      1.5066882      0.0420993      0.1479987      0.2757528      0.4813182      0.0087767      0.3928142      0.0018256      0.0062074      0.0068649      1.5040000      0.0060000      0.2006200      0.0002300     52.8799000      0.6227400   5148.0000000     18.0000000      0.8051000      0.0035000      0.4105850      0.0049260     -0.4400000   -999.0000000      2.0000000
     0.7174922      0.4199997      0.6931429      9.8847751     11.3843992      1.1047479      3.6140321     -7.5187569      0.5668445      0.0178820      0.1117918      2.1575973      0.5530633      0.1774445      0.6964431      0.0068750      0.0052185      0.0183044      0.5860000      0.0220000      0.0877800      0.0009700      3.0277100      0.0316900   4034.0000000     76.0000000      0.7176000      0.0280000      0.1227960      0.0030030      0.3900000      0.0800000      7.0000000
     0.5008477      0.1193578      0.2208998      8.8060499      9.1792746      2.8979053      3.5609979     -7.8998954      0.4628433      0.0161231      0.1091083      5.4775397      0.6058989      0.3311763      1.0388560      0.0050823      0.0047918      0.0111025      0.4540000      0.0190000      0.1078300      0.0028500      1.2537100      0.0111900   3676.0000000     77.0000000      0.4525000      0.0221000      0.0336960      0.0018060      0.1400000      0.0800000      7.0000000
     0.7700688      0.0771345      0.2824841     10.1549884      8.7322282      1.1497823      3.6806464     -6.9202423      0.8304465      0.0324753      0.1687514      0.3629547      0.5379671      0.0659205      0.4692522      0.0025140      0.0055128      0.0076449      0.8290000      0.0070000      0.1148400      0.0005000     12.0460000      0.1425900   4790.0000000     25.0000000      0.7759000      0.0073000      0.2854420      0.0041950      0.1400000   -999.0000000      2.0000000
     0.6143857      0.3382052      1.5660383      9.7501385      5.6790769      2.9227198      3.5825452     -7.1975723      0.9467646      0.0125583      0.1197465      3.1291144      0.4872563      0.0542549      0.9536758      0.0011568      0.0036137      0.0045020      0.9430000      0.0040000      0.1767700      0.0011800      6.3402100      0.0537100   3825.0000000     11.0000000      0.5735000      0.0044000      0.0634090      0.0010030      0.4900000   -999.0000000      7.0000000
     0.6466403      0.2972407      0.0262255     10.0949388     11.1709733      0.6504511      3.5938470     -7.6915799      0.5102450      0.0210253      0.1993063      1.7678888      0.6384386      0.2000635      0.9494365      0.0058194      0.0048868      0.0141403      0.5190000      0.0150000      0.0889700      0.0010200      2.0395100      0.0198000   3883.0000000     57.0000000      0.6266000      0.0193000      0.0805190      0.0020050      0.0500000   -999.0000000      7.0000000
     0.8046720     -0.4487209      0.2934888     10.1699674     16.8652848      1.0211444      3.6873996     -7.2627046      0.4658141      0.0378399      0.1743735      0.8580493      0.5741097      0.2107275      0.2391963      0.0202127      0.0540659      0.0049903      0.4650000      0.0040000      0.0596400      0.0005600      4.8194000      0.1445800   5087.0000000     44.0000000      0.8387000      0.0109000      0.4234280      0.0149860     -0.8300000   -999.0000000      2.0000000
     0.9037974     -0.0950899      0.2753529     10.1392224     12.5147166      1.4432838      3.7241637     -6.9210375      0.6744314      0.0474632      0.0459028      0.9530218      0.4291323      0.0813373      0.2520470      0.0064877      0.0107146      0.0145916      0.6740000      0.0140000      0.0800400      0.0003500     11.9156000      0.2383100   5298.0000000     61.0000000      0.9058000      0.0190000      0.5812500      0.0126880     -0.1100000      0.0300000      2.0000000
     0.6068080      0.0999645      0.8888317     10.1347866      6.2277437      0.9003802      3.5944633     -7.2149812      0.8772749      0.0246441      0.1902863      2.8947208      0.6752604      0.1309969      0.9067940      0.0035250      0.0051095      0.0143736      0.8710000      0.0150000      0.1621300      0.0023700      6.0882300      0.0590400   3940.0000000     35.0000000      0.5773000      0.0131000      0.0723810      0.0022290     -0.0400000   -999.0000000      7.0000000
     0.5906195      0.0101398      0.6441763     10.1247691      6.1268627      1.0059207      3.5952704     -7.2300308      0.8553510      0.0234591      0.1844799      3.3259102      0.6596409      0.1268215      0.8969098      0.0035245      0.0060069      0.0143070      0.8560000      0.0160000      0.1621300      0.0023700      5.9220000      0.0714100   3947.0000000     39.0000000      0.5673000      0.0137000      0.0704050      0.0022270     -0.0400000   -999.0000000      7.0000000
     0.7468920     -0.4602336      0.7695571      9.3722887      7.4541846      1.8075136      3.7037557     -6.7820434      0.8700310      0.0272588      0.1563430      4.3505500      0.4105375      0.0413876      0.5611365      0.0014751      0.0050339      0.0045150      0.8680000      0.0040000      0.1341400      0.0005100     16.5153000      0.1930700   5065.0000000     19.0000000      0.6954000      0.0041000      0.2868340      0.0040000     -0.4200000   -999.0000000      2.0000000
     0.6942578      0.2253209      0.2393975      9.9303315      4.8704378      2.4065257      3.6192833     -6.8231586      1.2221107      0.0224670      0.1623560      1.4853405      0.5161854      0.0183342      0.6885269      0.0015813      0.0036149      0.0084704      1.2250000      0.0080000      0.2052100      0.0005400     14.9496600      0.1221900   4159.0000000     16.0000000      0.6398000      0.0046000      0.1109420      0.0010780      0.2400000   -999.0000000      7.0000000
     0.4342244      0.4007678      0.5733782     10.1593607      4.5884964      0.5495417      3.5242659     -7.5199616      0.8517025      0.0093281      0.0170838      1.0470713      0.2571828      0.0872980      0.0621474      0.0012197      0.0059081      0.0052843      0.8740000      0.0050000      0.2046000      0.0028000      2.9402500      0.0353900   3279.0000000     14.0000000      0.4593000      0.0068000      0.0219500      0.0006560      0.1500000      0.0800000      7.0000000
     0.4135595      0.2549771      0.5727059     10.1095245      6.6641796      0.6520293      3.5337467     -7.8617410      0.5454943      0.0109920      0.1378460      3.2776665      0.6272694      0.1046549      0.9549349      0.0044476      0.0065386      0.0122235      0.5670000      0.0150000      0.1501000      0.0017000      1.3742000      0.0163700   3366.0000000     46.0000000      0.4060000      0.0117000      0.0190610      0.0004880     -0.1900000   -999.0000000      4.0000000
     0.4181975      0.0073135      1.0302409     10.0488836      2.5431002      0.8998795      3.5502049     -6.9670569      1.4241300      0.0086236      0.1027333      4.8041789      0.5917015      0.0059574      0.9188853      0.0021529      0.0042343      0.0143384      1.4320000      0.0130000      0.3926400      0.0006700     10.8213000      0.0956700   3548.0000000     18.0000000      0.3924000      0.0033000      0.0219360      0.0002080     -0.3800000   -999.0000000      7.0000000
     0.4138311     -0.1770902      0.6917075     10.1248555      4.8571226      0.6251928      3.5540636     -7.5107984      0.7480074      0.0111799      0.1507282      4.6613984      0.6508061      0.0322334      1.0296786      0.0039709      0.0066236      0.0146610      0.7640000      0.0170000      0.2062700      0.0010000      3.0865900      0.0422600   3550.0000000     41.0000000      0.3982000      0.0091000      0.0226710      0.0003800     -0.3700000   -999.0000000      7.0000000
     0.4693932      0.2888364      0.2850342     10.1100323      9.9958056      0.6001844      3.5252375     -8.0179382      0.4122713      0.0180700      0.1636636      4.2997861      0.5972367      0.3252630      1.0373437      0.0185516      0.0639051      0.0107701      0.4170000      0.0130000      0.0986100      0.0023300      0.8276600      0.0093200   3458.0000000     55.0000000      0.4546000      0.0182000      0.0265990      0.0012920      0.0100000   -999.0000000      7.0000000
     0.7065905     -0.4600796      0.6702636      9.6702133      9.1051211      1.5650865      3.6894381     -7.0564427      0.6786543      0.0160644      0.0730674      1.7878629      0.4357910      0.0488622      0.5330916      0.0023221      0.0032110      0.0073362      0.6790000      0.0070000      0.1099900      0.0004100      8.7658000      0.0600000   4888.0000000     27.0000000      0.6784200      0.0054800      0.2264370      0.0022920     -1.2600000   -999.0000000      3.0000000
     0.7911683     -0.1076636      0.4202072      9.9884080     11.0377250      1.5297074      3.6955270     -7.1081204      0.6244006      0.0311903      0.1788794      0.7801340      0.5413417      0.1318888      0.5485281      0.0025214      0.0070213      0.0069648      0.6220000      0.0060000      0.0903200      0.0007400      7.7674000      0.1142000   4955.0000000     30.0000000      0.7405000      0.0094000      0.2975560      0.0065510     -0.2400000   -999.0000000      2.0000000
     0.5022783     -0.0164424      1.2902412     10.1544930      7.6455706      0.6756528      3.5692619     -7.6582899      0.5915031      0.0112842      0.1157691      4.2210307      0.6661941      0.0868884      1.0426798      0.0041835      0.0043098      0.0110539      0.5930000      0.0160000      0.1306200      0.0010500      2.2061400      0.0182200   3705.0000000     51.0000000      0.4882000      0.0315000      0.0404090      0.0007300     -0.0900000      0.0800000      7.0000000
     0.5130381      0.1008001      0.3372864     10.1547001      5.3915991      0.6249671      3.5598224     -7.3981389      0.8330442      0.0134890      0.1460849      5.0291304      0.6558269      0.0474792      1.0027809      0.0035038      0.0065166      0.0134628      0.8350000      0.0140000      0.1854900      0.0011000      4.0127200      0.0525100   3626.0000000     33.0000000      0.4840000      0.0084000      0.0364470      0.0006440     -0.3100000   -999.0000000      7.0000000
     0.8677537     -0.1723054      0.2911713     10.0346170      7.5689781      1.8950221      3.7279887     -6.5876821      0.9794414      0.0369066      0.1470913      0.2041214      0.5777814      0.0822677      0.3950273      0.0028375      0.0062613      0.0119566      0.9730000      0.0090000      0.1323800      0.0008200     25.8044000      0.3077000   5349.0000000     29.0000000      0.7910000      0.0080000      0.4601620      0.0079120     -0.9200000   -999.0000000      2.0000000
     0.1229283     -0.0957895      0.5443180     10.0048009      1.2976172      2.8141793      3.4488748     -7.4668880      1.0523370      0.0021170      0.2106839      4.6500943      0.5982561      0.0058910      1.0763764      0.0311734      0.0467017      0.0300698      1.0110000      0.0520000      0.7716400      0.0026000      3.0602000      0.0612000   3079.0000000     81.0000000      0.1410000      0.0070000      0.0016060      0.0000340      0.0000000   -999.0000000      5.0000000
     0.8744136     -0.0444900      0.2758891     10.1544091      1.3378207      1.3881536      3.7154618     -5.0645330      6.0065105      0.0463514      0.1445599      0.2208510      0.5459855      0.0034593      0.3681575      0.0028278      0.0121129      0.0280849      6.0000000      0.0210000      0.7471000      0.0012000    865.4461100     17.3089000   5184.0000000     27.0000000      0.8671500      0.0028700      0.4845560      0.0098150      0.2100000   -999.0000000      3.0000000
     0.8918369     -0.1236882      0.3180928      9.7414551      6.7196021      1.8245900      3.7451937     -6.3424891      1.2079544      0.0335917      0.0865022      0.1503925      0.3101019      0.0347168      0.3895408      0.0037936      0.0037470      0.0213252      1.1960000      0.0140000      0.1489800      0.0004800     45.3513900      0.2972900   5555.0000000     34.0000000      0.8627000      0.0107000      0.6385520      0.0058700     -0.1600000   -999.0000000      2.0000000
     0.7723170      0.1023372      0.3497828     10.1384663      5.8849752      0.9554625      3.6621855     -6.6980831      1.1721780      0.0360002      0.2548782      0.6665275      0.6171526      0.0468144      0.6531047      0.0058158      0.0033328      0.0319210      1.1770000      0.0300000      0.1698500      0.0008200     20.0192000      0.1329000   4564.0000000     59.0000000      0.7390000      0.0190000      0.2168590      0.0025410     -0.0600000   -999.0000000      3.0000000
     0.3053790     -0.0713456      0.5632546      8.7906849      6.2102077      2.7249158      3.5391468     -8.0157452      0.4489351      0.0107796      0.1575441      1.9018457      0.6462215      0.0800623      0.9031729      0.0046820      0.0035670      0.0095530      0.4460000      0.0140000      0.1601200      0.0013300      0.9608500      0.0076700   3471.0000000     55.0000000      0.2990000      0.0100000      0.0117120      0.0002160     -0.1500000   -999.0000000      7.0000000
     0.8947324     -0.1123246      0.3176236      9.7807178     17.6008652      1.4570430      3.7498007     -7.1662192      0.4762902      0.0456563      0.1194318      0.4516349      0.4303885      0.1685200      0.5954652      0.0102836      0.0115037      0.0192729      0.4590000      0.0170000      0.0569100      0.0003400      6.7864900      0.1357300   5577.0000000    107.0000000      0.8668000      0.0324000      0.6548310      0.0152560      0.3300000   -999.0000000      2.0000000
     0.3421013     -0.2334783      0.6860794     10.1095264      6.5105617      0.6499825      3.5038274     -7.9793963      0.4679701      0.0079853      0.0980690      3.8218214      0.6287244      0.0589829      0.9898024      0.0408762      0.0156933      0.0077782      0.4750000      0.0130000      0.1534600      0.0009900      1.0874100      0.0120100   3469.0000000     48.0000000      0.3328000      0.0093000      0.0144300      0.0002450     -0.3500000      0.0800000      7.0000000
     0.8544646     -0.1197004      0.2808389      9.5672166      9.7576646      1.4954510      3.7298115     -6.8265243      0.7355569      0.0280588      0.1175939      0.2441309      0.4354571      0.0618339      0.6452576      0.0044543      0.0033698      0.0172361      0.7240000      0.0110000      0.1025500      0.0004000     14.8801000      0.0900000   5404.0000000     42.0000000      0.7591000      0.0122000      0.4421770      0.0043650      0.0400000   -999.0000000      3.0000000
     0.5387202      0.1528053      0.5415343     10.1540186     10.1878698      0.6250450      3.5622065     -7.8884258      0.4668786      0.0145340      0.0938422      1.9210735      0.6250324      0.2079063      0.8341926      0.0046086      0.0051500      0.0105913      0.4840000      0.0120000      0.0966700      0.0013900      1.2984000      0.0128600   3592.0000000     45.0000000      0.5387000      0.0157000      0.0434200      0.0013210      0.0300000      0.0800000      7.0000000
     0.6857744      0.2392629      0.7818672      9.5974821      7.7015185      2.8253277      3.6190388     -7.2242591      0.7699961      0.0227827      0.1702020      1.8443290      0.5006027      0.0610160      0.8303700      0.0018626      0.0035766      0.0064723      0.7680000      0.0070000      0.1298600      0.0007300      5.9265400      0.0446000   4168.0000000     21.0000000      0.6359000      0.0071000      0.1098280      0.0014860      0.1900000   -999.0000000      7.0000000
     0.8524748     -0.1604342      0.2848749      9.7941896     12.8396845      1.6767839      3.7187579     -7.0826639      0.5789684      0.0293787      0.1533357      0.3716496      0.4769086      0.0743818      0.3663538      0.0043914      0.0066433      0.0119599      0.5730000      0.0100000      0.0781100      0.0003000      8.2539000      0.1000000   5242.0000000     48.0000000      0.7891000      0.0144000      0.4227730      0.0060650     -0.5200000   -999.0000000      2.0000000
     0.4401724      0.3615114      0.6504852     10.1546866      4.5350972      0.6259298      3.5355382     -7.4727613      0.8523045      0.0082603      0.1233294      6.4538685      0.6490949      0.0241395      1.0246508      0.0032298      0.0043097      0.0128999      0.8590000      0.0140000      0.2208400      0.0009400      3.3631300      0.0283100   3421.0000000     29.0000000      0.4183000      0.0070000      0.0215500      0.0002580      0.0500000   -999.0000000      7.0000000
     0.8085941     -0.1061375      0.3096476      9.9820476      7.5511037      1.5407320      3.7158925     -6.6152811      1.0030809      0.0355087      0.1148328      0.1728754      0.4125472      0.0475568      0.3488776      0.0016885      0.0066128      0.0045705      1.0000000      0.0040000      0.1327600      0.0005000     24.2500000      0.2825400   5195.0000000     18.0000000      0.8101000      0.0045000      0.4299700      0.0059650     -0.1400000   -999.0000000      2.0000000
     0.1673799     -0.2418195      0.5154271      8.8967858      1.8270591      2.7250521      3.4673188     -7.4222815      0.9573588      0.0015903      0.0840572      3.6287027      0.5555159      0.0068679      0.9134062      0.0408161      0.0636131      0.0062566      0.9520000      0.0050000      0.5483100      0.0015100      3.2629200      0.0565900   3225.0000000     16.0000000      0.1869000      0.0012000      0.0033920      0.0000620     -0.4000000   -999.0000000      7.0000000
     0.8428601     -0.1103387      0.2588955      9.8949045      5.1020857      1.7133077      3.7315845     -6.1931983      1.5174137      0.0371576      0.1250405      0.1789847      0.3821515      0.0337234      0.4375364      0.0036091      0.0145436      0.0053484      1.5150000      0.0050000      0.1959600      0.0008700     64.3329600      1.8793900   5386.0000000     40.0000000      0.8310000      0.0044000      0.5235520      0.0159860     -0.0100000   -999.0000000      2.0000000
     0.7328235      0.0356584      1.3466420      8.9098621      5.1068166      1.1953870      3.6495978     -6.7102462      1.2233013      0.0350760      0.2170946      3.7037953      0.5470045      0.0299180      0.7665036      0.0029072      0.0097740      0.0147977      1.2210000      0.0150000      0.1959600      0.0008700     19.4020000      0.4120000   4446.0000000     36.0000000      0.6697000      0.0089000      0.1578970      0.0036340     -0.1200000   -999.0000000      2.0000000
     0.8014642     -0.0198488      0.2864219      9.5251189     11.0132808      1.4067406      3.7009348     -7.0320780      0.6666885      0.0327008      0.1299102      0.1475413      0.4336043      0.0620306      0.2808702      0.0024818      0.0033176      0.0069333      0.6660000      0.0060000      0.0907100      0.0003000      9.2785000      0.0594400   5006.0000000     24.0000000      0.7897000      0.0077000      0.3523940      0.0032450     -0.3300000   -999.0000000      2.0000000
     0.8402168     -0.1399731      0.3108555      9.8093293      3.6495441      1.4233893      3.7306843     -5.9218227      2.1021476      0.0344580      0.1590871      0.3561918      0.4852592      0.0035334      0.4430898      0.0041412      0.0062645      0.0367606      2.0780000      0.0310000      0.2739600      0.0001700    119.8023000      1.3945000   5373.0000000     43.0000000      0.8153900      0.0121700      0.4988300      0.0058390     -0.6000000   -999.0000000      2.0000000
     0.3650057      0.2211460      1.0826298     10.1244222      3.5379319      0.6262958      3.5319998     -7.4090755      0.9338518      0.0076364      0.0881802      3.4652577      0.6342659      0.0288354      1.0774646      0.0021240      0.0057987      0.0089655      0.9370000      0.0080000      0.2830000      0.0016900      3.8975100      0.0449000   3398.0000000     17.0000000      0.3561000      0.0039000      0.0152080      0.0002520     -0.2300000   -999.0000000      7.0000000
     0.2849766      0.3950054      0.2989156     10.1550151      3.5256952      0.5750694      3.5076402     -7.6409370      0.7945916      0.0103323      0.0609826      1.0677760      0.5881258      0.0277586      0.7055339      0.0021838      0.0094478      0.0093638      0.8510000      0.0150000      0.2830000      0.0016900      2.2445300      0.0375400   3106.0000000     30.0000000      0.3232000      0.0061000      0.0087580      0.0001800     -0.3000000   -999.0000000      7.0000000
     0.4947238      0.2281163      0.7283671     10.1548004      5.8652456      0.6788892      3.5540074     -7.5185885      0.7457992      0.0100194      0.0951155      2.4822688      0.6466766      0.0457435      0.9675383      0.0021893      0.0040263      0.0078232      0.7470000      0.0080000      0.1703600      0.0010000      3.0174400      0.0229600   3570.0000000     20.0000000      0.4713000      0.0060000      0.0324910      0.0004550      0.1000000      0.0800000      7.0000000
     0.8927689     -0.1299080      0.3002418     10.0753500     10.0378064      1.6080992      3.7328671     -6.7851298      0.7821471      0.0422478      0.1016745      0.4068799      0.5170283      0.0863473      0.5098063      0.0067085      0.0064305      0.0238931      0.7630000      0.0210000      0.0993300      0.0005300     16.4083000      0.1966000   5394.0000000     76.0000000      0.8190000      0.0240000      0.5197140      0.0083390     -0.0400000   -999.0000000      2.0000000
     0.8099598     -0.1500884      0.3134080      9.8865382      5.7513978      1.8266726      3.7199889     -6.3986050      1.2555891      0.0382150      0.1825626      0.2627427      0.4375103      0.0096447      0.4306659      0.0034996      0.0057379      0.0193915      1.2540000      0.0120000      0.1737700      0.0001800     39.8109000      0.4271600   5251.0000000     29.0000000      0.7780000      0.0080000      0.4120160      0.0045020     -0.3100000   -999.0000000      2.0000000
     0.5760726      0.2635328      0.7085647     10.1243010      7.0365738      0.7514641      3.5726032     -7.4720210      0.7216437      0.0144148      0.1418877      2.8794240      0.5999329      0.0472841      0.9473425      0.0024954      0.0051645      0.0081029      0.7220000      0.0080000      0.1418700      0.0006400      3.3480900      0.0360300   3727.0000000     23.0000000      0.5472000      0.0067000      0.0519850      0.0007300     -0.0600000   -999.0000000      7.0000000
     0.6924706      0.0218188      0.4860174     10.1377468      3.5036116      1.0270261      3.6325963     -6.4493429      1.7739968      0.0307183      0.2038269      1.6645768      0.6111401      0.0098442      0.7513393      0.0020599      0.0060738      0.0140852      1.7750000      0.0130000      0.2860400      0.0005600     35.4910000      0.4440000   4289.0000000     21.0000000      0.6611000      0.0048000      0.1355580      0.0017770     -0.1900000   -999.0000000      7.0000000
     0.6267045      0.0218829      0.9041420      9.8818790      3.4933807      0.9121382      3.6080368     -6.6510699      1.5835361      0.0246110      0.1871747      7.1354245      0.5279327      0.0101593      0.9064805      0.0029794      0.0041046      0.0220041      1.5810000      0.0220000      0.2860400      0.0005600     22.2523800      0.1923500   4044.0000000     29.0000000      0.6010000      0.0072000      0.0849930      0.0008070     -0.2200000   -999.0000000      7.0000000
     0.7659085      0.1403037      0.3282278     10.1505977      3.6245274      1.0824848      3.6594847     -6.2857858      1.8834391      0.0329275      0.2145270      1.1031165      0.6464476      0.0055927      0.5626376      0.0029072      0.0095065      0.0189118      1.8810000      0.0170000      0.2760600      0.0002800     51.4025000      1.0280000   4570.0000000     31.0000000      0.7320000      0.0060000      0.2107840      0.0042370     -0.0700000   -999.0000000      3.0000000
     0.5914106      0.2244770      0.3232982     10.0945055     10.0868512      0.6248801      3.5722350     -7.7474960      0.5247881      0.0150742      0.1068319      1.3228558      0.6121968      0.2379278      0.8917479      0.0051059      0.0040490      0.0122783      0.5320000      0.0140000      0.0976100      0.0015300      1.7910800      0.0148100   3713.0000000     49.0000000      0.5863000      0.0179000      0.0587470      0.0019050      0.1700000      0.0800000      7.0000000
     0.3534301      0.3949433      0.5389737     10.1397697      4.6593803      0.5488834      3.5145495     -7.7133584      0.7110739      0.0086037      0.0446920      1.7885648      0.4232153      0.0646552      0.1918529      0.0016699      0.0042764      0.0059042      0.7460000      0.0090000      0.2132800      0.0021200      1.9156600      0.0151700   3189.0000000     20.0000000      0.3761000      0.0059000      0.0131610      0.0002820      0.1700000      0.0800000      7.0000000
     0.5808851      0.3050201      0.4425843     10.1700376      6.8780811      2.8746371      3.5707669     -7.4487828      0.7447022      0.0117655      0.1223429      1.5663690      0.6745606      0.0733333      1.0201810      0.0012921      0.0035647      0.0040960      0.7440000      0.0040000      0.1460900      0.0010000      3.5448500      0.0271500   3724.0000000     12.0000000      0.5477000      0.0048000      0.0519060      0.0008140      0.2100000   -999.0000000      7.0000000
     0.4875297     -0.0609341      2.0519345      8.7779799      3.2783667      2.7977835      3.5694785     -6.9628864      1.2994634      0.0135274      0.1470824      9.6545399      0.6747333      0.0102440      0.9350540      0.0042979      0.0083919      0.0250651      1.3040000      0.0320000      0.3052600      0.0007000     10.8945000      0.1680200   3724.0000000     48.0000000      0.4712000      0.0086000      0.0365370      0.0005880     -0.0600000   -999.0000000      7.0000000
     0.7899603      0.0742123      0.3138527     10.1549775      6.5377339      1.1115217      3.6780832     -6.6805564      1.1037890      0.0330509      0.1746372      0.1056152      0.5506146      0.0202276      0.3898337      0.0018605      0.0030134      0.0082825      1.1060000      0.0070000      0.1527600      0.0002900     20.8979400      0.1220800   4759.0000000     17.0000000      0.7784000      0.0053000      0.2798630      0.0019500     -0.0500000   -999.0000000      2.0000000
     0.4203131      0.2728388      0.4276989     10.1390773      6.1831448      0.5748270      3.5105929     -7.7628535      0.6107537      0.0112577      0.0807283      3.5532462      0.5719343      0.0856975      0.7776677      0.0201136      0.0298211      0.0108087      0.6230000      0.0100000      0.1617600      0.0016600      1.5921600      0.0332500   3332.0000000     32.0000000      0.4139000      0.0076000      0.0190150      0.0005570      0.0300000      0.0800000      7.0000000
     0.1580223      0.4057673      0.3089844     10.1079593      3.1547680      0.9058146      3.4549633     -8.0609319      0.5431213      0.0031040      0.0373611      0.9281720      0.6160053      0.0097893      0.4290024      0.0199768      0.0486893      0.0044293      0.6080000      0.0080000      0.3167000      0.0007000      0.7589300      0.0118200   2802.0000000     21.0000000      0.2070000      0.0029000      0.0023650      0.0000380      0.2300000      0.0800000      7.0000000
     0.8140144     -0.1702299      0.4034517      9.8238260     16.6685819      1.4537675      3.7092716     -7.3666740      0.4431087      0.0399078      0.1808410      0.6220659      0.5115926      0.2580022      0.6841921      0.0078049      0.0105606      0.0144352      0.4330000      0.0140000      0.0594600      0.0005900      4.2998000      0.0860000   5123.0000000     87.0000000      0.7821000      0.0258000      0.3800670      0.0107080     -0.2800000   -999.0000000      2.0000000
