     0.7823959      0.0024814      0.2785019      9.6362672      7.1766405      1.2564026      3.6718737     -6.7649209      1.0288753      0.0333717      0.1649484      0.0333177      0.4933688      0.0364101      0.3986616      0.0019906      0.0029052      0.0073134      1.0300000      0.0070000      0.1392700      0.0004500     17.1834000      0.1059100   4696.0000000     18.0000000      0.7949000      0.0062000      0.2768570      0.0024720     -0.2700000   -999.0000000      2.0000000
     0.7964897     -0.1031932      0.2886300      9.5688017     10.3455053      1.5700692      3.7089468     -6.9364976      0.7139380      0.0456536      0.1366379      0.0317843      0.5081155      0.0559215      0.5545856      0.0021777      0.0078918      0.0062179      0.7130000      0.0060000      0.0966000      0.0004000     11.5675000      0.2313500   5113.0000000     33.0000000      0.7935000      0.0072000      0.3873880      0.0083860      0.0800000   -999.0000000      3.0000000
     0.7686469     -0.1803784      0.2825137      9.5192544      3.2160104      1.8156047      3.7056894     -5.9901501      2.1467144      0.0495056      0.1650195      0.0309082      0.5063400      0.0021425      0.6932602      0.0027677      0.0054366      0.0299393      2.1480000      0.0290000      0.3109400      0.0001600    102.3041000      1.1903300   5080.0000000     37.0000000      0.7350000      0.0050000      0.3306750      0.0038620     -0.1600000   -999.0000000      2.0000000
     0.4069376     -0.1749756      0.2788316      9.5357055      3.5866079      1.6712614      3.5565438     -7.2462316      1.0044916      0.0096974      0.1251240      0.0334747      0.5691063      0.0125374      0.9038956      0.0011933      0.0033583      0.0046916      1.0050000      0.0050000      0.2787600      0.0007700      5.6687900      0.0454000   3603.0000000     12.0000000      0.3863000      0.0021000      0.0227980      0.0002220     -0.3000000   -999.0000000      7.0000000
     0.8088243     -0.1654473      0.2825917      9.4705695      4.9848040      1.4156109      3.7122235     -6.2775669      1.5055900      0.0375975      0.1478175      0.0302759      0.4774214      0.0077535      0.4077191      0.0013064      0.0057803      0.0062578      1.5040000      0.0060000      0.2006200      0.0002300     52.8799000      0.6227400   5148.0000000     18.0000000      0.8051000      0.0035000      0.4105850      0.0049260     -0.4400000   -999.0000000      2.0000000
     0.7398874      0.3579442      0.2785972      9.4933774     11.3555060      1.6070957      3.6109469     -7.5183350      0.5728027      0.0365622      0.1015059      0.0334936      0.5525829      0.1531420      0.6674657      0.0067960      0.0048028      0.0193950      0.5860000      0.0220000      0.0877800      0.0009700      3.0277100      0.0316900   4034.0000000     76.0000000      0.7176000      0.0280000      0.1227960      0.0030030      0.3900000      0.0800000      7.0000000
     0.4827308      0.0894008      0.2998990      9.4315928      9.3101681      1.8739676      3.5623732     -7.9019201      0.4597728      0.0211614      0.0973033      0.0268457      0.5317768      0.2854866      0.8778757      0.0059674      0.0043735      0.0125838      0.4540000      0.0190000      0.1078300      0.0028500      1.2537100      0.0111900   3676.0000000     77.0000000      0.4525000      0.0221000      0.0336960      0.0018060      0.1400000      0.0800000      7.0000000
     0.7854938     -0.0130495      0.2779288      9.5419001      8.7028000      1.4669091      3.6806155     -6.9191024      0.8292952      0.0390321      0.1760435      0.0337932      0.5653999      0.0532011      0.4633741      0.0020217      0.0051616      0.0062436      0.8290000      0.0070000      0.1148400      0.0005000     12.0460000      0.1425900   4790.0000000     25.0000000      0.7759000      0.0073000      0.2854420      0.0041950      0.1400000   -999.0000000      2.0000000
     0.6068163      0.2553500      0.2911993      9.3811947      5.6567275      1.9013599      3.5824629     -7.1973836      0.9430284      0.0149642      0.1562688      0.0301897      0.4917960      0.0504784      0.7825754      0.0009679      0.0034331      0.0037561      0.9430000      0.0040000      0.1767700      0.0011800      6.3402100      0.0537100   3825.0000000     11.0000000      0.5735000      0.0044000      0.0634090      0.0010030      0.4900000   -999.0000000      7.0000000
     0.6384462      0.1259448      0.2718135      9.5025225     11.2030756      1.4899981      3.5920980     -7.6906535      0.5116086      0.0310699      0.1897265      0.0337484      0.5520430      0.1648461      0.9094135      0.0052735      0.0046438      0.0128307      0.5190000      0.0150000      0.0889700      0.0010200      2.0395100      0.0198000   3883.0000000     57.0000000      0.6266000      0.0193000      0.0805190      0.0020050      0.0500000   -999.0000000      7.0000000
     0.7836394     -0.3272829      0.2749019      9.5800819     16.7093795      1.1260442      3.7071219     -7.3165427      0.4643894      0.0427469      0.1551591      0.0359809      0.5130190      0.1941382      0.3572418      0.0040387      0.0132465      0.0041408      0.4650000      0.0040000      0.0596400      0.0005600      4.8194000      0.1445800   5087.0000000     44.0000000      0.8387000      0.0109000      0.4234280      0.0149860     -0.8300000   -999.0000000      2.0000000
     0.8512480     -0.1098612      0.2927609      9.5880660     12.4919732      1.3136289      3.7245166     -6.9255993      0.6710654      0.0476183      0.0377737      0.0282062      0.4986829      0.0727570      0.3831823      0.0051776      0.0093596      0.0134169      0.6740000      0.0140000      0.0800400      0.0003500     11.9156000      0.2383100   5298.0000000     61.0000000      0.9058000      0.0190000      0.5812500      0.0126880     -0.1100000      0.0300000      2.0000000
     0.5942138     -0.0098416      0.2769063      9.5171456      6.1566023      1.6642784      3.5959489     -7.2153048      0.8679424      0.0297592      0.1870007      0.0349492      0.5452663      0.1134665      0.9446999      0.0036269      0.0046862      0.0138124      0.8710000      0.0150000      0.1621300      0.0023700      6.0882300      0.0590400   3940.0000000     35.0000000      0.5773000      0.0131000      0.0723810      0.0022290     -0.0400000   -999.0000000      7.0000000
     0.5821029     -0.0369390      0.2809173      9.4760234      6.1458044      1.6943389      3.5969433     -7.2271770      0.8523863      0.0251628      0.1805426      0.0344623      0.5910332      0.1103440      0.8985468      0.0037556      0.0056946      0.0146390      0.8560000      0.0160000      0.1621300      0.0023700      5.9220000      0.0714100   3947.0000000     39.0000000      0.5673000      0.0137000      0.0704050      0.0022270     -0.0400000   -999.0000000      7.0000000
     0.7353447     -0.2777212      0.2838839      9.4124718      7.4523281      1.8856875      3.7043539     -6.7810373      0.8684732      0.0345070      0.1684588      0.0316193      0.4411681      0.0364592      0.6080284      0.0012844      0.0048607      0.0042149      0.8680000      0.0040000      0.1341400      0.0005100     16.5153000      0.1930700   5065.0000000     19.0000000      0.6954000      0.0041000      0.2868340      0.0040000     -0.4200000   -999.0000000      2.0000000
     0.6754171      0.1510560      0.2863840      9.4267278      4.8719659      1.8062991      3.6187391     -6.8247485      1.2248651      0.0259898      0.1751140      0.0337511      0.4938663      0.0154624      0.7515966      0.0014467      0.0036438      0.0069620      1.2250000      0.0080000      0.2052100      0.0005400     14.9496600      0.1221900   4159.0000000     16.0000000      0.6398000      0.0046000      0.1109420      0.0010780      0.2400000   -999.0000000      7.0000000
     0.4850274      0.3589726      0.2343785      9.5710506      4.8456248      0.5945903      3.5176360     -7.5290561      0.8705363      0.0107836      0.0406608      0.0037981      0.5128146      0.0816075      0.0809276      0.0015775      0.0054232      0.0051641      0.8740000      0.0050000      0.2046000      0.0028000      2.9402500      0.0353900   3279.0000000     14.0000000      0.4593000      0.0068000      0.0219500      0.0006560      0.1500000      0.0800000      7.0000000
     0.4149566      0.1723990      0.2674835      9.5369680      6.6404303      1.4720469      3.5330343     -7.8613766      0.5515468      0.0138289      0.1504390      0.0334031      0.5791836      0.0971403      0.8939837      0.0043616      0.0055341      0.0107446      0.5670000      0.0150000      0.1501000      0.0017000      1.3742000      0.0163700   3366.0000000     46.0000000      0.4060000      0.0117000      0.0190610      0.0004880     -0.1900000   -999.0000000      4.0000000
     0.4102574     -0.0812618      0.2725902      9.5432757      2.5467356      1.6588850      3.5364498     -6.9438642      1.4230330      0.0104427      0.1346503      0.0360243      0.5608112      0.0056903      0.8904963      0.0137049      0.0215420      0.0125604      1.4320000      0.0130000      0.3926400      0.0006700     10.8213000      0.0956700   3548.0000000     18.0000000      0.3924000      0.0033000      0.0219360      0.0002080     -0.3800000   -999.0000000      7.0000000
     0.4145896     -0.1290364      0.2733289      9.4982127      4.8471289      1.5510976      3.5528803     -7.5097118      0.7544462      0.0124030      0.1365359      0.0350626      0.5448692      0.0301511      0.9488660      0.0040422      0.0068873      0.0147431      0.7640000      0.0170000      0.2062700      0.0010000      3.0865900      0.0422600   3550.0000000     41.0000000      0.3982000      0.0091000      0.0226710      0.0003800     -0.3700000   -999.0000000      7.0000000
     0.4664590      0.1893080      0.2745134      9.5200795     10.0677870      1.6627169      3.5291533     -8.0565365      0.4077931      0.0231800      0.1512986      0.0372333      0.5668743      0.3168039      0.9464477      0.0143018      0.0259669      0.0114599      0.4170000      0.0130000      0.0986100      0.0023300      0.8276600      0.0093200   3458.0000000     55.0000000      0.4546000      0.0182000      0.0265990      0.0012920      0.0100000   -999.0000000      7.0000000
     0.6941511     -0.4165150      0.2709200      9.3697164      9.0935493      1.7095273      3.6892257     -7.0568766      0.6780402      0.0276026      0.0810942      0.0323075      0.4404308      0.0432144      0.6653493      0.0019793      0.0032566      0.0060612      0.6790000      0.0070000      0.1099900      0.0004100      8.7658000      0.0600000   4888.0000000     27.0000000      0.6784200      0.0054800      0.2264370      0.0022920     -1.2600000   -999.0000000      3.0000000
     0.7570640     -0.1798242      0.2801854      9.5271759     11.0588482      1.6570101      3.6949674     -7.1098547      0.6214056      0.0441410      0.1730227      0.0323829      0.4891570      0.1273500      0.7161823      0.0024325      0.0061214      0.0059753      0.6220000      0.0060000      0.0903200      0.0007400      7.7674000      0.1142000   4955.0000000     30.0000000      0.7405000      0.0094000      0.2975560      0.0065510     -0.2400000   -999.0000000      2.0000000
     0.5049570     -0.0707643      0.2749404      9.4970147      7.6477793      1.6244898      3.5710638     -7.6562606      0.5860771      0.0213320      0.0928798      0.0310931      0.5498428      0.0810822      0.9183357      0.0048873      0.0038362      0.0135621      0.5930000      0.0160000      0.1306200      0.0010500      2.2061400      0.0182200   3705.0000000     51.0000000      0.4882000      0.0315000      0.0404090      0.0007300     -0.0900000      0.0800000      7.0000000
     0.5065096      0.0082375      0.2659226      9.5186169      5.3862040      1.5477956      3.5609920     -7.3960447      0.8284698      0.0166839      0.1494816      0.0335962      0.5662925      0.0419449      0.9372818      0.0034155      0.0065877      0.0126205      0.8350000      0.0140000      0.1854900      0.0011000      4.0127200      0.0525100   3626.0000000     33.0000000      0.4840000      0.0084000      0.0364470      0.0006440     -0.3100000   -999.0000000      7.0000000
     0.7768573     -0.3495710      0.2889422      9.5672411      7.5416348      1.4369517      3.7282811     -6.5871959      0.9729442      0.0452392      0.1413020      0.0269415      0.4445199      0.0644602      0.5076982      0.0024878      0.0059983      0.0093129      0.9730000      0.0090000      0.1323800      0.0008200     25.8044000      0.3077000   5349.0000000     29.0000000      0.7910000      0.0080000      0.4601620      0.0079120     -0.9200000   -999.0000000      2.0000000
     0.1158910     -0.1400773      0.2927191      9.4451458      1.2963763      1.7433022      3.4340760     -7.4008100      1.0059339      0.0036355      0.1987691      0.0327319      0.5592547      0.0052865      0.8339747      0.0492528      0.1143580      0.0381280      1.0110000      0.0520000      0.7716400      0.0026000      3.0602000      0.0612000   3079.0000000     81.0000000      0.1410000      0.0070000      0.0016060      0.0000340      0.0000000   -999.0000000      5.0000000
     0.8334589     -0.0680655      0.2855016      9.6634612      1.3386724      1.4833108      3.7149942     -5.0654775      5.9965271      0.0474287      0.1385171      0.0287007      0.5057156      0.0031606      0.4171802      0.0025087      0.0099136      0.0215059      6.0000000      0.0210000      0.7471000      0.0012000    865.4461100     17.3089000   5184.0000000     27.0000000      0.8671500      0.0028700      0.4845560      0.0098150      0.2100000   -999.0000000      3.0000000
     0.8349882     -0.2060436      0.2987376      9.5960319      6.7099827      1.6418046      3.7446020     -6.3449784      1.1972514      0.0564282      0.1334995      0.0220131      0.4515415      0.0293324      0.4838879      0.0030883      0.0030579      0.0166539      1.1960000      0.0140000      0.1489800      0.0004800     45.3513900      0.2972900   5555.0000000     34.0000000      0.8627000      0.0107000      0.6385520      0.0058700     -0.1600000   -999.0000000      2.0000000
     0.7426504     -0.0333396      0.2807825      9.5311892      5.8855265      1.3741149      3.6609455     -6.6986798      1.1668504      0.0426263      0.2139399      0.0339670      0.5575205      0.0394201      0.7655127      0.0048111      0.0032642      0.0276206      1.1770000      0.0300000      0.1698500      0.0008200     20.0192000      0.1329000   4564.0000000     59.0000000      0.7390000      0.0190000      0.2168590      0.0025410     -0.0600000   -999.0000000      3.0000000
     0.3004868     -0.1806660      0.2848630      9.4687045      6.2369670      1.8271142      3.5314200     -7.9913473      0.4493854      0.0121605      0.1434770      0.0343973      0.5678966      0.0669082      0.9117746      0.0098535      0.0255864      0.0112158      0.4460000      0.0140000      0.1601200      0.0013300      0.9608500      0.0076700   3471.0000000     55.0000000      0.2990000      0.0100000      0.0117120      0.0002160     -0.1500000   -999.0000000      7.0000000
     0.8482832     -0.1430159      0.3023638      9.5831473     17.5794644      1.7328202      3.7451986     -7.1685065      0.4625893      0.0584052      0.1155519      0.0247342      0.4913492      0.1420974      0.5582731      0.0080425      0.0095619      0.0157438      0.4590000      0.0170000      0.0569100      0.0003400      6.7864900      0.1357300   5577.0000000    107.0000000      0.8668000      0.0324000      0.6548310      0.0152560      0.3300000   -999.0000000      2.0000000
     0.3324671     -0.2673588      0.2644790      9.4870453      6.5166618      1.5383049      3.5179409     -7.9016625      0.4587371      0.0113619      0.0894850      0.0271306      0.5365695      0.0516069      0.9298262      0.0276934      0.0608784      0.0095218      0.4750000      0.0130000      0.1534600      0.0009900      1.0874100      0.0120100   3469.0000000     48.0000000      0.3328000      0.0093000      0.0144300      0.0002450     -0.3500000      0.0800000      7.0000000
     0.7967586     -0.1665121      0.3012789      9.4556436      9.7439693      1.9556919      3.7323114     -6.8274069      0.7257615      0.0417840      0.1130907      0.0214901      0.4081952      0.0497209      0.5620562      0.0034346      0.0028874      0.0115819      0.7240000      0.0110000      0.1025500      0.0004000     14.8801000      0.0900000   5404.0000000     42.0000000      0.7591000      0.0122000      0.4421770      0.0043650      0.0400000   -999.0000000      3.0000000
     0.5523794      0.0828894      0.2552259      9.5428898     10.2961013      1.2998707      3.5595640     -7.8867591      0.4744257      0.0189165      0.0944073      0.0209895      0.5593622      0.1800260      0.8617316      0.0042606      0.0046310      0.0101430      0.4840000      0.0120000      0.0966700      0.0013900      1.2984000      0.0128600   3592.0000000     45.0000000      0.5387000      0.0157000      0.0434200      0.0013210      0.0300000      0.0800000      7.0000000
     0.6640573      0.1054784      0.2867105      9.4837652      7.7002452      1.7679179      3.6196276     -7.2268503      0.7678047      0.0258832      0.1728165      0.0343033      0.5213878      0.0612764      0.7696524      0.0018166      0.0031617      0.0064647      0.7680000      0.0070000      0.1298600      0.0007300      5.9265400      0.0446000   4168.0000000     21.0000000      0.6359000      0.0071000      0.1098280      0.0014860      0.1900000   -999.0000000      7.0000000
     0.7872707     -0.2445709      0.2879314      9.5263888     12.7947735      1.5160032      3.7048664     -7.0616475      0.5747738      0.0521867      0.1719976      0.0295877      0.4923291      0.0668116      0.5998061      0.0149152      0.0216132      0.0094641      0.5730000      0.0100000      0.0781100      0.0003000      8.2539000      0.1000000   5242.0000000     48.0000000      0.7891000      0.0144000      0.4227730      0.0060650     -0.5200000   -999.0000000      2.0000000
     0.4379707      0.2394746      0.2744182      9.5081755      4.5271775      1.6415011      3.5202601     -7.4512910      0.8495945      0.0124326      0.1325258      0.0357799      0.5702297      0.0248110      0.9181853      0.0151506      0.0217550      0.0127461      0.8590000      0.0140000      0.2208400      0.0009400      3.3631300      0.0283100   3421.0000000     29.0000000      0.4183000      0.0070000      0.0215500      0.0002580      0.0500000   -999.0000000      7.0000000
     0.8040158     -0.1388377      0.2868009      9.6004614      7.5233642      1.5490640      3.7156560     -6.6167389      1.0007548      0.0440711      0.1311469      0.0291085      0.5265317      0.0375514      0.5040888      0.0015247      0.0055898      0.0039648      1.0000000      0.0040000      0.1327600      0.0005000     24.2500000      0.2825400   5195.0000000     18.0000000      0.8101000      0.0045000      0.4299700      0.0059650     -0.1400000   -999.0000000      2.0000000
     0.1642123     -0.1817044      0.2744855      9.4669284      1.8232588      1.6890939      3.4995057     -7.4602652      0.9452631      0.0025129      0.1129891      0.0333755      0.5378423      0.0064284      0.9506183      0.0089664      0.0251114      0.0066397      0.9520000      0.0050000      0.5483100      0.0015100      3.2629200      0.0565900   3225.0000000     16.0000000      0.1869000      0.0012000      0.0033920      0.0000620     -0.4000000   -999.0000000      7.0000000
     0.8265034     -0.1492300      0.2963976      9.5313785      5.1050794      1.4926579      3.7305980     -6.1964762      1.5143058      0.0498886      0.1476907      0.0293205      0.4186996      0.0303943      0.3899415      0.0030480      0.0133699      0.0048841      1.5150000      0.0050000      0.1959600      0.0008700     64.3329600      1.8793900   5386.0000000     40.0000000      0.8310000      0.0044000      0.5235520      0.0159860     -0.0100000   -999.0000000      2.0000000
     0.6882695     -0.0958339      0.2762153      9.5234390      5.1049573      1.6556500      3.6479500     -6.7113318      1.2197768      0.0371048      0.1825142      0.0348326      0.5523324      0.0281347      0.8089481      0.0027043      0.0094216      0.0136829      1.2210000      0.0150000      0.1959600      0.0008700     19.4020000      0.4120000   4446.0000000     36.0000000      0.6697000      0.0089000      0.1578970      0.0036340     -0.1200000   -999.0000000      2.0000000
     0.7878993     -0.1597520      0.2790352      9.5452835     11.0224977      1.4288322      3.7000556     -7.0324176      0.6663878      0.0430435      0.1960900      0.0319016      0.4766130      0.0566109      0.5463201      0.0020586      0.0028385      0.0062840      0.6660000      0.0060000      0.0907100      0.0003000      9.2785000      0.0594400   5006.0000000     24.0000000      0.7897000      0.0077000      0.3523940      0.0032450     -0.3300000   -999.0000000      2.0000000
     0.8049764     -0.2807307      0.2879007      9.5278032      3.6499848      1.4835705      3.7304635     -5.9213541      2.0784712      0.0537956      0.1601365      0.0311495      0.4770583      0.0031344      0.5020694      0.0029954      0.0051782      0.0285744      2.0780000      0.0310000      0.2739600      0.0001700    119.8023000      1.3945000   5373.0000000     43.0000000      0.8153900      0.0121700      0.4988300      0.0058390     -0.6000000   -999.0000000      2.0000000
     0.3684617      0.0932534      0.2695500      9.4867606      3.5302590      1.5493943      3.5315222     -7.4088145      0.9349340      0.0097158      0.1224755      0.0356289      0.5588096      0.0280291      0.9079886      0.0017597      0.0050276      0.0081621      0.9370000      0.0080000      0.2830000      0.0016900      3.8975100      0.0449000   3398.0000000     17.0000000      0.3561000      0.0039000      0.0152080      0.0002520     -0.2300000   -999.0000000      7.0000000
     0.2938635      0.3721630      0.2460998      9.6529360      3.5250562      1.0554423      3.4414459     -7.5269558      0.7921989      0.0107554      0.0756534      0.0174668      0.5307506      0.0264344      0.6958922      0.0614877      0.1183006      0.0191966      0.8510000      0.0150000      0.2830000      0.0016900      2.2445300      0.0375400   3106.0000000     30.0000000      0.3232000      0.0061000      0.0087580      0.0001800     -0.3000000   -999.0000000      7.0000000
     0.4991923      0.1371980      0.2736709      9.5069946      5.8675991      1.6113930      3.5529417     -7.5202644      0.7450464      0.0152914      0.0923644      0.0316658      0.5531328      0.0461867      0.8419765      0.0019519      0.0036764      0.0070915      0.7470000      0.0080000      0.1703600      0.0010000      3.0174400      0.0229600   3570.0000000     20.0000000      0.4713000      0.0060000      0.0324910      0.0004550      0.1000000      0.0800000      7.0000000
     0.8237145     -0.1764573      0.2941064      9.5124153     10.0652418      1.6157835      3.7319921     -6.7850197      0.7634681      0.0571410      0.1515441      0.0311104      0.5129240      0.0666864      0.5521254      0.0056018      0.0057587      0.0195502      0.7630000      0.0210000      0.0993300      0.0005300     16.4083000      0.1966000   5394.0000000     76.0000000      0.8190000      0.0240000      0.5197140      0.0083390     -0.0400000   -999.0000000      2.0000000
     0.7835514     -0.2156275      0.2911143      9.5340096      5.7546875      1.6071515      3.7202037     -6.4002409      1.2551647      0.0462207      0.1768424      0.0275060      0.5086907      0.0081781      0.5949825      0.0021441      0.0051462      0.0119123      1.2540000      0.0120000      0.1737700      0.0001800     39.8109000      0.4271600   5251.0000000     29.0000000      0.7780000      0.0080000      0.4120160      0.0045020     -0.3100000   -999.0000000      2.0000000
     0.5728125      0.1126712      0.2692411      9.5105972      7.0459166      1.6193628      3.5716220     -7.4748315      0.7205156      0.0191300      0.1569690      0.0332495      0.5809606      0.0419774      0.9441958      0.0020965      0.0051230      0.0071532      0.7220000      0.0080000      0.1418700      0.0006400      3.3480900      0.0360300   3727.0000000     23.0000000      0.5472000      0.0067000      0.0519850      0.0007300     -0.0600000   -999.0000000      7.0000000
     0.6873932     -0.0340818      0.2697744      9.4811699      3.4955947      1.5121397      3.6323333     -6.4491172      1.7739701      0.0319362      0.1897519      0.0328068      0.5239969      0.0087086      0.6889238      0.0017181      0.0053699      0.0123118      1.7750000      0.0130000      0.2860400      0.0005600     35.4910000      0.4440000   4289.0000000     21.0000000      0.6611000      0.0048000      0.1355580      0.0017770     -0.1900000   -999.0000000      7.0000000
     0.6099056     -0.0827110      0.2714052      9.5116972      3.4966344      1.5740415      3.6070404     -6.6525519      1.5766607      0.0233814      0.1741668      0.0327852      0.5807872      0.0090123      0.8222396      0.0025367      0.0040552      0.0185024      1.5810000      0.0220000      0.2860400      0.0005600     22.2523800      0.1923500   4044.0000000     29.0000000      0.6010000      0.0072000      0.0849930      0.0008070     -0.2200000   -999.0000000      7.0000000
     0.7376316     -0.0304862      0.2788027      9.6083969      3.6220404      1.3973852      3.6600777     -6.2878326      1.8785566      0.0364166      0.1987475      0.0348771      0.5243986      0.0049819      0.5935671      0.0028318      0.0081838      0.0168968      1.8810000      0.0170000      0.2760600      0.0002800     51.4025000      1.0280000   4570.0000000     31.0000000      0.7320000      0.0060000      0.2107840      0.0042370     -0.0700000   -999.0000000      3.0000000
     0.6022124      0.1987466      0.2723554      9.5374205     10.2073720      1.4820350      3.5725825     -7.7468347      0.5246045      0.0263777      0.0968750      0.0314146      0.5592545      0.2241275      0.8626235      0.0048566      0.0040368      0.0116855      0.5320000      0.0140000      0.0976100      0.0015300      1.7910800      0.0148100   3713.0000000     49.0000000      0.5863000      0.0179000      0.0587470      0.0019050      0.1700000      0.0800000      7.0000000
     0.3705918      0.3600580      0.2400208      9.7251585      4.6595959      0.8518370      3.5097291     -7.7169601      0.7254207      0.0127457      0.0564614      0.0077803      0.5363110      0.0560015      0.2059871      0.0027477      0.0040391      0.0092528      0.7460000      0.0090000      0.2132800      0.0021200      1.9156600      0.0151700   3189.0000000     20.0000000      0.3761000      0.0059000      0.0131610      0.0002820      0.1700000      0.0800000      7.0000000
     0.5786588      0.2126152      0.2795191      9.4593854      6.8409336      1.8474620      3.5708459     -7.4501432      0.7437305      0.0165511      0.1580721      0.0352237      0.5660628      0.0617988      0.8078260      0.0010645      0.0032686      0.0037243      0.7440000      0.0040000      0.1460900      0.0010000      3.5448500      0.0271500   3724.0000000     12.0000000      0.5477000      0.0048000      0.0519060      0.0008140      0.2100000   -999.0000000      7.0000000
     0.4778500     -0.1100117      0.2877636      9.4559820      3.2758752      1.7391945      3.5718184     -6.9624929      1.2981308      0.0149375      0.1576763      0.0339113      0.5586803      0.0095592      0.8698857      0.0047160      0.0076498      0.0277456      1.3040000      0.0320000      0.3052600      0.0007000     10.8945000      0.1680200   3724.0000000     48.0000000      0.4712000      0.0086000      0.0365370      0.0005880     -0.0600000   -999.0000000      7.0000000
     0.7813966     -0.0276220      0.2747478      9.6174454      6.5427308      1.4101114      3.6777368     -6.6799702      1.1054207      0.0372339      0.1779586      0.0358414      0.4916281      0.0176059      0.4058997      0.0016060      0.0024927      0.0071998      1.1060000      0.0070000      0.1527600      0.0002900     20.8979400      0.1220800   4759.0000000     17.0000000      0.7784000      0.0053000      0.2798630      0.0019500     -0.0500000   -999.0000000      2.0000000
     0.4286630      0.1614029      0.2481869      9.5556675      6.1608999      0.9593394      3.5275953     -7.7945063      0.6111478      0.0115654      0.0770008      0.0122833      0.5398646      0.0804986      0.5169897      0.0030696      0.0093309      0.0095189      0.6230000      0.0100000      0.1617600      0.0016600      1.5921600      0.0332500   3332.0000000     32.0000000      0.4139000      0.0076000      0.0190150      0.0005570      0.0300000      0.0800000      7.0000000
     0.1936405      0.3356669      0.2389507      9.5887778      3.1550026      0.9879355      3.4467761     -8.0902642      0.5712992      0.0083336      0.0363452      0.0100746      0.4942969      0.0096202      0.5984591      0.0141016      0.0273480      0.0103594      0.6080000      0.0080000      0.3167000      0.0007000      0.7589300      0.0118200   2802.0000000     21.0000000      0.2070000      0.0029000      0.0023650      0.0000380      0.2300000      0.0800000      7.0000000
     0.7747946     -0.2245212      0.2887652      9.4935688     16.8041383      1.4626263      3.7107566     -7.3656732      0.4313576      0.0497051      0.1871719      0.0330271      0.5533810      0.2265945      0.6508762      0.0058201      0.0095685      0.0120139      0.4330000      0.0140000      0.0594600      0.0005900      4.2998000      0.0860000   5123.0000000     87.0000000      0.7821000      0.0258000      0.3800670      0.0107080     -0.2800000   -999.0000000      2.0000000
