     0.7557046      0.0452304      0.2466482     10.1335367      7.1501306      1.9512517      3.6781267     -6.7643581      0.9988754      0.0200749      0.0587069      0.0630286      0.3193555      0.0379368      0.4950448      0.0032079      0.0058999      0.0168454      1.0300000      0.0070000      0.1392700      0.0004500     17.1834000      0.1059100   4696.0000000     18.0000000      0.7949000      0.0062000      0.2768570      0.0024720     -0.2700000   -999.0000000      2.0000000
     0.8176104     -0.0852150      0.2502654      9.9600723     10.3197074      2.0581941      3.7078174     -6.9413334      0.7140173      0.0257982      0.0563215      0.1065961      0.3714557      0.0753852      0.5574159      0.0048373      0.0151006      0.0159228      0.7130000      0.0060000      0.0966000      0.0004000     11.5675000      0.2313500   5113.0000000     33.0000000      0.7935000      0.0072000      0.3873880      0.0083860      0.0800000   -999.0000000      3.0000000
     0.8075804     -0.1349869      0.2744426      9.8227168      3.2160891      2.3071669      3.7057396     -5.9907416      2.1456426      0.0256519      0.0837791      0.1264848      0.3976354      0.0026886      0.7190737      0.0040190      0.0084791      0.0346394      2.1480000      0.0290000      0.3109400      0.0001600    102.3041000      1.1903300   5080.0000000     37.0000000      0.7350000      0.0050000      0.3306750      0.0038620     -0.1600000   -999.0000000      2.0000000
     0.4139934     -0.2189270      0.2380152      9.9919558      3.5888511      1.3561085      3.5561075     -7.2469628      1.0062166      0.0063315      0.0547969      0.2425883      0.5074073      0.0138246      0.8695005      0.0012982      0.0042225      0.0051142      1.0050000      0.0050000      0.2787600      0.0007700      5.6687900      0.0454000   3603.0000000     12.0000000      0.3863000      0.0021000      0.0227980      0.0002220     -0.3000000   -999.0000000      7.0000000
     0.7636705     -0.2213648      0.2498280     10.0926200      4.9815284      1.8585170      3.7118802     -6.2763761      1.4991137      0.0327132      0.0727943      0.0723030      0.1536291      0.0083874      0.4482332      0.0024708      0.0103833      0.0212281      1.5040000      0.0060000      0.2006200      0.0002300     52.8799000      0.6227400   5148.0000000     18.0000000      0.8051000      0.0035000      0.4105850      0.0049260     -0.4400000   -999.0000000      2.0000000
     0.7100525      0.3094090      0.2939820      9.8166807     11.3655606      2.2259028      3.6234269     -7.5175457      0.5388053      0.0127917      0.0987876      0.2015547      0.4626739      0.1817180      0.8239172      0.0030003      0.0057761      0.0078081      0.5860000      0.0220000      0.0877800      0.0009700      3.0277100      0.0316900   4034.0000000     76.0000000      0.7176000      0.0280000      0.1227960      0.0030030      0.3900000      0.0800000      7.0000000
     0.4950634      0.1380641      0.2904941     10.0227642      9.3044718      2.7485892      3.5613308     -7.9017271      0.4627605      0.0159093      0.1048439      0.3148782      0.5720710      0.3440615      0.9406625      0.0046054      0.0048282      0.0100657      0.4540000      0.0190000      0.1078300      0.0028500      1.2537100      0.0111900   3676.0000000     77.0000000      0.4525000      0.0221000      0.0336960      0.0018060      0.1400000      0.0800000      7.0000000
     0.7693869      0.0362017      0.2661717     10.0941563      8.6674099      1.8537191      3.6821077     -6.9184209      0.8245976      0.0205606      0.0519153      0.0938664      0.3172634      0.0571678      0.6003290      0.0043787      0.0086067      0.0189971      0.8290000      0.0070000      0.1148400      0.0005000     12.0460000      0.1425900   4790.0000000     25.0000000      0.7759000      0.0073000      0.2854420      0.0041950      0.1400000   -999.0000000      2.0000000
     0.6165040      0.3677224      0.2283090      9.1389139      5.6693536      2.2937646      3.5823734     -7.1960133      0.9456209      0.0064329      0.0547313      0.2573633      0.4165637      0.0487419      0.8354794      0.0011674      0.0045857      0.0043048      0.9430000      0.0040000      0.1767700      0.0011800      6.3402100      0.0537100   3825.0000000     11.0000000      0.5735000      0.0044000      0.0634090      0.0010030      0.4900000   -999.0000000      7.0000000
     0.6245596      0.1247443      0.2669717      9.8303032     11.2357343      2.6238575      3.6008475     -7.6883128      0.4899283      0.0134113      0.0711133      0.2188684      0.5256536      0.1804171      0.9013772      0.0034745      0.0052215      0.0076711      0.5190000      0.0150000      0.0889700      0.0010200      2.0395100      0.0198000   3883.0000000     57.0000000      0.6266000      0.0193000      0.0805190      0.0020050      0.0500000   -999.0000000      7.0000000
     0.7347306     -0.3923499      0.2782788     10.1402215     16.4917682      1.8194176      3.7186112     -7.2951448      0.4509887      0.0489217      0.1260329      0.0904710      0.3087921      0.2793839      0.5696665      0.0047068      0.0254294      0.0093042      0.4650000      0.0040000      0.0596400      0.0005600      4.8194000      0.1445800   5087.0000000     44.0000000      0.8387000      0.0109000      0.4234280      0.0149860     -0.8300000   -999.0000000      2.0000000
     0.7717492     -0.1351078      0.2805227     10.1308842     12.4595479      1.8500902      3.7236939     -6.9337933      0.6161070      0.0650066      0.1111392      0.0885328      0.5058525      0.1293515      0.4618495      0.0103873      0.0352322      0.0263528      0.6740000      0.0140000      0.0800400      0.0003500     11.9156000      0.2383100   5298.0000000     61.0000000      0.9058000      0.0190000      0.5812500      0.0126880     -0.1100000      0.0300000      2.0000000
     0.5957012      0.0153742      0.2850164      9.9980355      6.0947943      2.7626581      3.5984515     -7.2151961      0.8562622      0.0124945      0.0691718      0.1964100      0.5231343      0.1127215      0.9704517      0.0028977      0.0051014      0.0116339      0.8710000      0.0150000      0.1621300      0.0023700      6.0882300      0.0590400   3940.0000000     35.0000000      0.5773000      0.0131000      0.0723810      0.0022290     -0.0400000   -999.0000000      7.0000000
     0.5886474      0.0100491      0.2983053      9.7065611      6.1579730      2.6515508      3.5982787     -7.2259190      0.8446015      0.0125205      0.0722122      0.3234602      0.5226355      0.1160715      0.9304707      0.0031625      0.0065283      0.0118088      0.8560000      0.0160000      0.1621300      0.0023700      5.9220000      0.0714100   3947.0000000     39.0000000      0.5673000      0.0137000      0.0704050      0.0022270     -0.0400000   -999.0000000      7.0000000
     0.7589951     -0.3424420      0.2220249      9.4464778      7.4830970      1.3590311      3.7042248     -6.7816986      0.8684829      0.0163233      0.0540797      0.2018607      0.3472944      0.0455955      0.7648348      0.0019295      0.0062594      0.0051771      0.8680000      0.0040000      0.1341400      0.0005100     16.5153000      0.1930700   5065.0000000     19.0000000      0.6954000      0.0041000      0.2868340      0.0040000     -0.4200000   -999.0000000      2.0000000
     0.6922112      0.2295500      0.2778622      9.5075632      4.8747764      2.6783397      3.6189831     -6.8252049      1.2254222      0.0144329      0.0643560      0.2243626      0.4488896      0.0189658      0.8705747      0.0014463      0.0039621      0.0082771      1.2250000      0.0080000      0.2052100      0.0005400     14.9496600      0.1221900   4159.0000000     16.0000000      0.6398000      0.0046000      0.1109420      0.0010780      0.2400000   -999.0000000      7.0000000
     0.4165912      0.4941516      0.2613199     10.1122340      4.4633260      2.4093790      3.5294640     -7.5088622      0.8378905      0.0083724      0.0203189      0.1936892      0.2853851      0.0935165      0.7643427      0.0011858      0.0064797      0.0055366      0.8740000      0.0050000      0.2046000      0.0028000      2.9402500      0.0353900   3279.0000000     14.0000000      0.4593000      0.0068000      0.0219500      0.0006560      0.1500000      0.0800000      7.0000000
     0.3858936     -0.0276747      0.2821449     10.0840904      6.6303396      2.7119961      3.5489975     -7.8588971      0.5151173      0.0091661      0.0907842      0.4013410      0.5275267      0.1102158      0.9273543      0.0024616      0.0069088      0.0071170      0.5670000      0.0150000      0.1501000      0.0017000      1.3742000      0.0163700   3366.0000000     46.0000000      0.4060000      0.0117000      0.0190610      0.0004880     -0.1900000   -999.0000000      4.0000000
     0.3990752     -0.2039451      0.2303619     10.1113985      2.5451421      0.8754348      3.5551745     -6.9648381      1.4086003      0.0058387      0.0341666      0.2331279      0.4640354      0.0059550      0.8796413      0.0013182      0.0049295      0.0094553      1.4320000      0.0130000      0.3926400      0.0006700     10.8213000      0.0956700   3548.0000000     18.0000000      0.3924000      0.0033000      0.0219360      0.0002080     -0.3800000   -999.0000000      7.0000000
     0.4060543     -0.2520531      0.2270505     10.0387097      4.8438639      2.7607395      3.5588618     -7.5098473      0.7371082      0.0069515      0.0647486      0.3302491      0.5387131      0.0326527      0.9122490      0.0028804      0.0077908      0.0100298      0.7640000      0.0170000      0.2062700      0.0010000      3.0865900      0.0422600   3550.0000000     41.0000000      0.3982000      0.0091000      0.0226710      0.0003800     -0.3700000   -999.0000000      7.0000000
     0.4511526      0.0831184      0.3223183     10.0814470     10.1095002      2.1646183      3.5513321     -8.0809844      0.3916216      0.0130363      0.0656603      0.2821883      0.5633103      0.3122592      0.9097208      0.0035035      0.0067145      0.0065587      0.4170000      0.0130000      0.0986100      0.0023300      0.8276600      0.0093200   3458.0000000     55.0000000      0.4546000      0.0182000      0.0265990      0.0012920      0.0100000   -999.0000000      7.0000000
     0.6954822     -0.4927795      0.2797038      9.5913241      9.1154608      1.6873100      3.6915010     -7.0571778      0.6718088      0.0087643      0.0193115      0.1183127      0.2265719      0.0479857      0.5858438      0.0023706      0.0045974      0.0063228      0.6790000      0.0070000      0.1099900      0.0004100      8.7658000      0.0600000   4888.0000000     27.0000000      0.6784200      0.0054800      0.2264370      0.0022920     -1.2600000   -999.0000000      3.0000000
     0.7736684     -0.1784326      0.2722593      9.8456945     11.0135102      1.9588657      3.6974388     -7.1088834      0.6172330      0.0246264      0.0694612      0.1868994      0.4226039      0.1418037      0.7823091      0.0028309      0.0079282      0.0073937      0.6220000      0.0060000      0.0903200      0.0007400      7.7674000      0.1142000   4955.0000000     30.0000000      0.7405000      0.0094000      0.2975560      0.0065510     -0.2400000   -999.0000000      2.0000000
     0.5113863      0.0055197      0.2430583      9.4900362      7.6204231      2.5895059      3.5753290     -7.6546723      0.5757676      0.0117220      0.1137810      0.3308045      0.5086314      0.0869008      0.9190531      0.0035994      0.0042219      0.0100255      0.5930000      0.0160000      0.1306200      0.0010500      2.2061400      0.0182200   3705.0000000     51.0000000      0.4882000      0.0315000      0.0404090      0.0007300     -0.0900000      0.0800000      7.0000000
     0.4794039     -0.1859170      0.2614138     10.0745037      5.3706693      2.7757328      3.5711703     -7.3949397      0.7905344      0.0076136      0.0408179      0.3239567      0.4298463      0.0451113      0.9782548      0.0016153      0.0070362      0.0072220      0.8350000      0.0140000      0.1854900      0.0011000      4.0127200      0.0525100   3626.0000000     33.0000000      0.4840000      0.0084000      0.0364470      0.0006440     -0.3100000   -999.0000000      7.0000000
     0.8553343     -0.1785347      0.2575535     10.0612160      7.5507876      2.0380951      3.7260342     -6.5928686      0.9761906      0.0545211      0.1488057      0.0735274      0.4720731      0.1036107      0.4564392      0.0051618      0.0275557      0.0217544      0.9730000      0.0090000      0.1323800      0.0008200     25.8044000      0.3077000   5349.0000000     29.0000000      0.7910000      0.0080000      0.4601620      0.0079120     -0.9200000   -999.0000000      2.0000000
     0.1225817     -0.0169437      0.2654810      8.8845236      1.2933671      2.7398597      3.4766764     -7.5121311      1.0662713      0.0014467      0.0731952      0.2617588      0.5678418      0.0057872      0.9337249      0.0027755      0.0118072      0.0159794      1.0110000      0.0520000      0.7716400      0.0026000      3.0602000      0.0612000   3079.0000000     81.0000000      0.1410000      0.0070000      0.0016060      0.0000340      0.0000000   -999.0000000      5.0000000
     0.8101801     -0.1060501      0.2626975     10.1009705      1.3380487      1.9779942      3.7164720     -5.0596526      5.9704086      0.0199966      0.0681171      0.0712021      0.1045858      0.0039004      0.4071511      0.0053098      0.0239924      0.1420990      6.0000000      0.0210000      0.7471000      0.0012000    865.4461100     17.3089000   5184.0000000     27.0000000      0.8671500      0.0028700      0.4845560      0.0098150      0.2100000   -999.0000000      3.0000000
     0.9242525     -0.1445735      0.2678984     10.0911421      6.7255824      1.7777302      3.7479381     -6.3491457      1.1660375      0.0781259      0.1049623      0.0709890      0.5602859      0.0545741      0.5003752      0.0142108      0.0724446      0.0541273      1.1960000      0.0140000      0.1489800      0.0004800     45.3513900      0.2972900   5555.0000000     34.0000000      0.8627000      0.0107000      0.6385520      0.0058700     -0.1600000   -999.0000000      2.0000000
     0.7596054      0.0034393      0.2802604      9.8037929      5.8840897      1.8546603      3.6711116     -6.6981475      1.1120212      0.0176235      0.0753106      0.1550678      0.4404679      0.0430141      0.7992790      0.0037840      0.0039300      0.0195830      1.1770000      0.0300000      0.1698500      0.0008200     20.0192000      0.1329000   4564.0000000     59.0000000      0.7390000      0.0190000      0.2168590      0.0025410     -0.0600000   -999.0000000      3.0000000
     0.3136783     -0.1183674      0.3020660      8.8853038      6.2660764      2.7655578      3.5389123     -8.0161557      0.4480835      0.0084850      0.0768069      0.2537951      0.5504685      0.0820031      0.9043153      0.0015905      0.0041439      0.0039394      0.4460000      0.0140000      0.1601200      0.0013300      0.9608500      0.0076700   3471.0000000     55.0000000      0.2990000      0.0100000      0.0117120      0.0002160     -0.1500000   -999.0000000      7.0000000
     0.7705481     -0.1248258      0.2661885     10.1313220     17.3397844      1.8477667      3.7270454     -7.1814990      0.4640761      0.0757683      0.1137162      0.0935868      0.4698077      0.2836607      0.4943752      0.0121847      0.0556192      0.0221755      0.4590000      0.0170000      0.0569100      0.0003400      6.7864900      0.1357300   5577.0000000    107.0000000      0.8668000      0.0324000      0.6548310      0.0152560      0.3300000   -999.0000000      2.0000000
     0.3343181     -0.2112255      0.2594677      9.8664503      6.5157134      2.7145006      3.5433934     -7.9640051      0.4672626      0.0073895      0.0955536      0.3711654      0.5354378      0.0600885      0.9218489      0.0025932      0.0066979      0.0061256      0.4750000      0.0130000      0.1534600      0.0009900      1.0874100      0.0120100   3469.0000000     48.0000000      0.3328000      0.0093000      0.0144300      0.0002450     -0.3500000      0.0800000      7.0000000
     0.7694242     -0.1367580      0.2658623     10.0162737      9.7389622      1.5743694      3.7184656     -6.8287057      0.7685567      0.0468243      0.1133688      0.0850219      0.5128623      0.0842131      0.4519575      0.0059035      0.0139106      0.0210808      0.7240000      0.0110000      0.1025500      0.0004000     14.8801000      0.0900000   5404.0000000     42.0000000      0.7591000      0.0122000      0.4421770      0.0043650      0.0400000   -999.0000000      3.0000000
     0.5361636      0.1884426      0.2617020     10.0753680     10.2928891      1.7579073      3.5678307     -7.8871719      0.4539775      0.0123550      0.0975254      0.2475716      0.5304544      0.2017167      0.8676020      0.0036629      0.0056020      0.0077541      0.4840000      0.0120000      0.0966700      0.0013900      1.2984000      0.0128600   3592.0000000     45.0000000      0.5387000      0.0157000      0.0434200      0.0013210      0.0300000      0.0800000      7.0000000
     0.6819902      0.1775695      0.2797542      9.7712910      7.7104861      2.3742901      3.6206164     -7.2258256      0.7672267      0.0139136      0.0637791      0.1637119      0.4868952      0.0572582      0.8221729      0.0020125      0.0035629      0.0063033      0.7680000      0.0070000      0.1298600      0.0007300      5.9265400      0.0446000   4168.0000000     21.0000000      0.6359000      0.0071000      0.1098280      0.0014860      0.1900000   -999.0000000      7.0000000
     0.7568332     -0.1731047      0.2662457     10.0551972     12.7622436      1.8712042      3.7209452     -7.0851702      0.5632551      0.0534758      0.1436804      0.0635763      0.5219200      0.0993983      0.4826167      0.0052452      0.0127209      0.0131863      0.5730000      0.0100000      0.0781100      0.0003000      8.2539000      0.1000000   5242.0000000     48.0000000      0.7891000      0.0144000      0.4227730      0.0060650     -0.5200000   -999.0000000      2.0000000
     0.4183066      0.1555710      0.2398044     10.0908108      4.5259632      2.7659844      3.5436086     -7.4704388      0.8211948      0.0071123      0.0617128      0.3267787      0.5058543      0.0258568      0.9592835      0.0022902      0.0050575      0.0093505      0.8590000      0.0140000      0.2208400      0.0009400      3.3631300      0.0283100   3421.0000000     29.0000000      0.4183000      0.0070000      0.0215500      0.0002580      0.0500000   -999.0000000      7.0000000
     0.8050682     -0.1294157      0.2809919      9.9696001      7.5288933      1.9745615      3.7150257     -6.6174761      0.9990120      0.0331607      0.0531555      0.0868094      0.3506988      0.0598621      0.5205661      0.0032138      0.0122549      0.0186547      1.0000000      0.0040000      0.1327600      0.0005000     24.2500000      0.2825400   5195.0000000     18.0000000      0.8101000      0.0045000      0.4299700      0.0059650     -0.1400000   -999.0000000      2.0000000
     0.1657080     -0.2605380      0.2623234      8.9261551      1.8249443      2.7532025      3.5101217     -7.4791718      0.9474107      0.0015041      0.0426802      0.3244460      0.5329712      0.0078552      0.9440468      0.0022700      0.0084988      0.0059759      0.9520000      0.0050000      0.5483100      0.0015100      3.2629200      0.0565900   3225.0000000     16.0000000      0.1869000      0.0012000      0.0033920      0.0000620     -0.4000000   -999.0000000      7.0000000
     0.8229930     -0.1354728      0.2733402     10.0013056      5.0914405      1.8160449      3.7209111     -6.2301555      1.5114285      0.0579053      0.0442987      0.0659688      0.4083599      0.0485027      0.4791411      0.0106478      0.0427273      0.0169485      1.5150000      0.0050000      0.1959600      0.0008700     64.3329600      1.8793900   5386.0000000     40.0000000      0.8310000      0.0044000      0.5235520      0.0159860     -0.0100000   -999.0000000      2.0000000
     0.7006354     -0.0103439      0.2952921      9.8450908      5.0918816      2.7205742      3.6511473     -6.7116123      1.2083666      0.0219736      0.0780454      0.2870922      0.5377218      0.0346526      0.8930569      0.0030035      0.0099262      0.0161373      1.2210000      0.0150000      0.1959600      0.0008700     19.4020000      0.4120000   4446.0000000     36.0000000      0.6697000      0.0089000      0.1578970      0.0036340     -0.1200000   -999.0000000      2.0000000
     0.7622532     -0.1786686      0.2590276     10.0474232     10.9945975      1.9514419      3.7032657     -7.0332829      0.6540055      0.0364628      0.0611864      0.0814348      0.3451379      0.0616918      0.5606712      0.0041763      0.0055696      0.0153825      0.6660000      0.0060000      0.0907100      0.0003000      9.2785000      0.0594400   5006.0000000     24.0000000      0.7897000      0.0077000      0.3523940      0.0032450     -0.3300000   -999.0000000      2.0000000
     0.8755206     -0.1660530      0.2654409     10.0724740      3.6516655      1.6749003      3.7315752     -5.9257664      2.0305195      0.0601540      0.1307654      0.0741916      0.5387466      0.0046610      0.5375581      0.0075258      0.0264006      0.0624719      2.0780000      0.0310000      0.2739600      0.0001700    119.8023000      1.3945000   5373.0000000     43.0000000      0.8153900      0.0121700      0.4988300      0.0058390     -0.6000000   -999.0000000      2.0000000
     0.3581688      0.0659679      0.2731974     10.0761904      3.5274260      2.7744241      3.5384268     -7.4042702      0.9115358      0.0062777      0.0429586      0.4416139      0.5024931      0.0287395      0.9407864      0.0016541      0.0056635      0.0072394      0.9370000      0.0080000      0.2830000      0.0016900      3.8975100      0.0449000   3398.0000000     17.0000000      0.3561000      0.0039000      0.0152080      0.0002520     -0.2300000   -999.0000000      7.0000000
     0.2682469      0.0531826      0.2748303     10.0958454      3.5126196      1.6132422      3.5264137     -7.6369786      0.7396317      0.0070716      0.0580760      0.2194371      0.4748701      0.0303597      0.9408990      0.0024318      0.0097296      0.0098361      0.8510000      0.0150000      0.2830000      0.0016900      2.2445300      0.0375400   3106.0000000     30.0000000      0.3232000      0.0061000      0.0087580      0.0001800     -0.3000000   -999.0000000      7.0000000
     0.4972384      0.2347587      0.2662206     10.0769861      5.8354578      0.7857374      3.5543516     -7.5194318      0.7388200      0.0095485      0.0649745      0.4057678      0.5765380      0.0507041      0.9514187      0.0021476      0.0038212      0.0074719      0.7470000      0.0080000      0.1703600      0.0010000      3.0174400      0.0229600   3570.0000000     20.0000000      0.4713000      0.0060000      0.0324910      0.0004550      0.1000000      0.0800000      7.0000000
     0.8814702     -0.1396294      0.2431754     10.1082593     10.0913279      1.4706677      3.7335679     -6.7886259      0.7483059      0.0581676      0.1064552      0.1532823      0.5579327      0.1480291      0.6273456      0.0100795      0.0450234      0.0337094      0.7630000      0.0210000      0.0993300      0.0005300     16.4083000      0.1966000   5394.0000000     76.0000000      0.8190000      0.0240000      0.5197140      0.0083390     -0.0400000   -999.0000000      2.0000000
     0.8464481     -0.1578816      0.2737230      9.9724932      5.7530313      1.8939749      3.7194431     -6.4023435      1.2647846      0.0463421      0.1170146      0.0862677      0.4854419      0.0106775      0.5185710      0.0038077      0.0089462      0.0216350      1.2540000      0.0120000      0.1737700      0.0001800     39.8109000      0.4271600   5251.0000000     29.0000000      0.7780000      0.0080000      0.4120160      0.0045020     -0.3100000   -999.0000000      2.0000000
     0.5495079      0.1130118      0.3130102     10.0932527      7.0178122      2.7238489      3.5774310     -7.4724097      0.7042745      0.0100900      0.0524770      0.2788607      0.3912288      0.0444129      0.9340799      0.0020481      0.0060828      0.0071040      0.7220000      0.0080000      0.1418700      0.0006400      3.3480900      0.0360300   3727.0000000     23.0000000      0.5472000      0.0067000      0.0519850      0.0007300     -0.0600000   -999.0000000      7.0000000
     0.6659619     -0.0038860      0.2707159     10.1092142      3.4902521      2.1089542      3.6362029     -6.4447523      1.7431196      0.0184370      0.0588979      0.1533627      0.2594399      0.0097007      0.8327132      0.0019921      0.0065405      0.0181334      1.7750000      0.0130000      0.2860400      0.0005600     35.4910000      0.4440000   4289.0000000     21.0000000      0.6611000      0.0048000      0.1355580      0.0017770     -0.1900000   -999.0000000      7.0000000
     0.5994631     -0.1812600      0.3337295      9.9247149      3.4894038      2.7767626      3.6123439     -6.6508724      1.5493569      0.0131408      0.0742155      0.2178969      0.4430923      0.0105032      0.9041970      0.0019359      0.0046039      0.0160504      1.5810000      0.0220000      0.2860400      0.0005600     22.2523800      0.1923500   4044.0000000     29.0000000      0.6010000      0.0072000      0.0849930      0.0008070     -0.2200000   -999.0000000      7.0000000
     0.7345831      0.0328519      0.2992906     10.1327568      3.6234249      2.1880386      3.6648079     -6.2826595      1.8520086      0.0244324      0.0665821      0.1834797      0.2250160      0.0050825      0.7619741      0.0027968      0.0111901      0.0234082      1.8810000      0.0170000      0.2760600      0.0002800     51.4025000      1.0280000   4570.0000000     31.0000000      0.7320000      0.0060000      0.2107840      0.0042370     -0.0700000   -999.0000000      3.0000000
     0.5892117      0.2226172      0.2804095     10.0208900     10.1815166      2.6267937      3.5812576     -7.7467114      0.5038530      0.0144026      0.0939415      0.2032097      0.5469492      0.2382681      0.8705369      0.0034708      0.0041585      0.0085274      0.5320000      0.0140000      0.0976100      0.0015300      1.7910800      0.0148100   3713.0000000     49.0000000      0.5863000      0.0179000      0.0587470      0.0019050      0.1700000      0.0800000      7.0000000
     0.3456997      0.4914353      0.2468527     10.0178628      4.6649362      2.1111491      3.5193192     -7.7144117      0.6949912      0.0081979      0.0307554      0.2124237      0.3588557      0.0683428      0.8151409      0.0011093      0.0048070      0.0048501      0.7460000      0.0090000      0.2132800      0.0021200      1.9156600      0.0151700   3189.0000000     20.0000000      0.3761000      0.0059000      0.0131610      0.0002820      0.1700000      0.0800000      7.0000000
     0.5767662      0.2793414      0.2512004      9.9958891      6.8316822      2.8081241      3.5715727     -7.4489246      0.7402746      0.0089669      0.0484063      0.1729138      0.4420398      0.0613245      0.9284272      0.0013841      0.0039460      0.0043171      0.7440000      0.0040000      0.1460900      0.0010000      3.5448500      0.0271500   3724.0000000     12.0000000      0.5477000      0.0048000      0.0519060      0.0008140      0.2100000   -999.0000000      7.0000000
     0.4956755     -0.0058034      0.2480259      8.8593371      3.2760729      2.7505196      3.5691270     -6.9626571      1.3166473      0.0076031      0.0653534      0.3138248      0.5700329      0.0103643      0.9388655      0.0027015      0.0085840      0.0179498      1.3040000      0.0320000      0.3052600      0.0007000     10.8945000      0.1680200   3724.0000000     48.0000000      0.4712000      0.0086000      0.0365370      0.0005880     -0.0600000   -999.0000000      7.0000000
     0.7610691      0.0133850      0.2825109     10.1090293      6.5510570      1.7325402      3.6803057     -6.6812380      1.0929599      0.0232418      0.0504610      0.0706441      0.4126208      0.0195141      0.4396625      0.0056985      0.0061576      0.0312619      1.1060000      0.0070000      0.1527600      0.0002900     20.8979400      0.1220800   4759.0000000     17.0000000      0.7784000      0.0053000      0.2798630      0.0019500     -0.0500000   -999.0000000      2.0000000
     0.4129337      0.3216062      0.2621621     10.0908594      6.1121975      2.6254742      3.5341261     -7.7928991      0.5924114      0.0103592      0.0802692      0.3421528      0.4695834      0.0906504      0.9092540      0.0028829      0.0122559      0.0086906      0.6230000      0.0100000      0.1617600      0.0016600      1.5921600      0.0332500   3332.0000000     32.0000000      0.4139000      0.0076000      0.0190150      0.0005570      0.0300000      0.0800000      7.0000000
     0.1552246      0.4084250      0.3194068      9.7373730      3.1461080      1.6693996      3.4760610     -8.1158419      0.5354110      0.0022991      0.0111358      0.1731791      0.4827146      0.0100816      0.7415497      0.0011090      0.0119156      0.0051138      0.6080000      0.0080000      0.3167000      0.0007000      0.7589300      0.0118200   2802.0000000     21.0000000      0.2070000      0.0029000      0.0023650      0.0000380      0.2300000      0.0800000      7.0000000
     0.7692843     -0.1758431      0.3125319     10.0488058     16.5902318      2.1415168      3.7131556     -7.3698662      0.4233398      0.0403444      0.1077611      0.1054913      0.5359913      0.2886780      0.7212496      0.0057455      0.0167815      0.0127444      0.4330000      0.0140000      0.0594600      0.0005900      4.2998000      0.0860000   5123.0000000     87.0000000      0.7821000      0.0258000      0.3800670      0.0107080     -0.2800000   -999.0000000      2.0000000
