     0.7736416      0.0145158      0.2649929      9.7167770      7.1586080      1.9885429      3.6836858     -6.7732859      0.9647158      0.0238995      0.1283332      0.0588354      0.4354712      0.0552964      0.3677517      0.0077600      0.0143999      0.0328174      1.0300000      0.0070000      0.1392700      0.0004500     17.1834000      0.1059100   4696.0000000     18.0000000      0.7949000      0.0062000      0.2768570      0.0024720     -0.2700000   -999.0000000      2.0000000
     0.7967180     -0.1129610      0.2773177      9.5991387     10.3210585      1.8488790      3.7045186     -6.9861435      0.6860170      0.0387522      0.1040600      0.0661596      0.4780041      0.1118844      0.5299912      0.0093647      0.0535039      0.0267003      0.7130000      0.0060000      0.0966000      0.0004000     11.5675000      0.2313500   5113.0000000     33.0000000      0.7935000      0.0072000      0.3873880      0.0083860      0.0800000   -999.0000000      3.0000000
     0.7790882     -0.1564460      0.2707796      9.6134747      3.2165244      1.9324560      3.7008435     -6.0082091      2.1505790      0.0335508      0.1071066      0.0725556      0.4409241      0.0033469      0.5038115      0.0065155      0.0240607      0.0536065      2.1480000      0.0290000      0.3109400      0.0001600    102.3041000      1.1903300   5080.0000000     37.0000000      0.7350000      0.0050000      0.3306750      0.0038620     -0.1600000   -999.0000000      2.0000000
     0.4135905     -0.1455487      0.2843667      9.4471703      3.5890366      1.7851275      3.5558135     -7.2467976      1.0073004      0.0059023      0.0716908      0.1095820      0.4638078      0.0154339      0.7403630      0.0012903      0.0049465      0.0058947      1.0050000      0.0050000      0.2787600      0.0007700      5.6687900      0.0454000   3603.0000000     12.0000000      0.3863000      0.0021000      0.0227980      0.0002220     -0.3000000   -999.0000000      7.0000000
     0.7956785     -0.1362002      0.2758167      9.7030512      4.9782844      1.7862568      3.7083752     -6.3200584      1.4509266      0.0454224      0.1075392      0.0446656      0.4921942      0.0160955      0.4359535      0.0103777      0.0560627      0.0535614      1.5040000      0.0060000      0.2006200      0.0002300     52.8799000      0.6227400   5148.0000000     18.0000000      0.8051000      0.0035000      0.4105850      0.0049260     -0.4400000   -999.0000000      2.0000000
     0.6995197      0.2639205      0.2898811      9.4176963     11.3667029      1.9717216      3.6249713     -7.5191175      0.5354899      0.0168066      0.1216920      0.0972459      0.4695757      0.2013206      0.5912071      0.0038087      0.0068368      0.0101440      0.5860000      0.0220000      0.0877800      0.0009700      3.0277100      0.0316900   4034.0000000     76.0000000      0.7176000      0.0280000      0.1227960      0.0030030      0.3900000      0.0800000      7.0000000
     0.4932479      0.1146882      0.2813411      9.4445905      9.2877518      1.8751425      3.5603846     -7.9022846      0.4638561      0.0153156      0.1164607      0.1045910      0.5082526      0.3270975      0.8121292      0.0052962      0.0054729      0.0118107      0.4540000      0.0190000      0.1078300      0.0028500      1.2537100      0.0111900   3676.0000000     77.0000000      0.4525000      0.0221000      0.0336960      0.0018060      0.1400000      0.0800000      7.0000000
     0.7804883     -0.0143251      0.2913329      9.6065505      8.6838744      1.8367478      3.6880832     -6.9269734      0.7919904      0.0292954      0.0965890      0.0562011      0.4595042      0.0754164      0.4604169      0.0076942      0.0210332      0.0204841      0.8290000      0.0070000      0.1148400      0.0005000     12.0460000      0.1425900   4790.0000000     25.0000000      0.7759000      0.0073000      0.2854420      0.0041950      0.1400000   -999.0000000      2.0000000
     0.6049235      0.2922819      0.2666500      9.4811260      5.6591736      1.8201525      3.5834981     -7.1964755      0.9396191      0.0115201      0.0761895      0.0709161      0.4323372      0.0520090      0.7156424      0.0020058      0.0058413      0.0068705      0.9430000      0.0040000      0.1767700      0.0011800      6.3402100      0.0537100   3825.0000000     11.0000000      0.5735000      0.0044000      0.0634090      0.0010030      0.4900000   -999.0000000      7.0000000
     0.6237142      0.1265056      0.2751350      9.4481170     11.2197807      1.8709424      3.6021786     -7.6895466      0.4888195      0.0170637      0.1347629      0.0889566      0.4343440      0.1926809      0.6645953      0.0048932      0.0059996      0.0106796      0.5190000      0.0150000      0.0889700      0.0010200      2.0395100      0.0198000   3883.0000000     57.0000000      0.6266000      0.0193000      0.0805190      0.0020050      0.0500000   -999.0000000      7.0000000
     0.7899589     -0.1474899      0.2935465      9.7562454     16.5151422      1.8853100      3.7077773     -7.3636862      0.4376544      0.0402070      0.1244937      0.0836418      0.4048372      0.4381778      0.4843294      0.0132098      0.0744337      0.0184616      0.4650000      0.0040000      0.0596400      0.0005600      4.8194000      0.1445800   5087.0000000     44.0000000      0.8387000      0.0109000      0.4234280      0.0149860     -0.8300000   -999.0000000      2.0000000
     0.8246100     -0.1458431      0.3017160      9.5679095     12.5143750      1.7790245      3.7191688     -7.0533732      0.5946108      0.0627943      0.1129833      0.0747533      0.5610986      0.1507114      0.5034972      0.0168050      0.1216552      0.0418696      0.6740000      0.0140000      0.0800400      0.0003500     11.9156000      0.2383100   5298.0000000     61.0000000      0.9058000      0.0190000      0.5812500      0.0126880     -0.1100000      0.0300000      2.0000000
     0.5993534      0.0516022      0.2679895      9.4747864      6.1560597      1.8483580      3.5978688     -7.2165923      0.8594684      0.0183967      0.1261926      0.1183715      0.5048133      0.1302657      0.6412152      0.0045773      0.0069000      0.0169131      0.8710000      0.0150000      0.1621300      0.0023700      6.0882300      0.0590400   3940.0000000     35.0000000      0.5773000      0.0131000      0.0723810      0.0022290     -0.0400000   -999.0000000      7.0000000
     0.5930714      0.0287163      0.2743905      9.4959358      6.1508740      1.9172226      3.5970129     -7.2275096      0.8520676      0.0191540      0.1416921      0.1153411      0.4870767      0.1295958      0.7200834      0.0048598      0.0077390      0.0168347      0.8560000      0.0160000      0.1621300      0.0023700      5.9220000      0.0714100   3947.0000000     39.0000000      0.5673000      0.0137000      0.0704050      0.0022270     -0.0400000   -999.0000000      7.0000000
     0.7560716     -0.2847746      0.2641667      9.2928690      7.4356379      1.8189264      3.6992526     -6.7950548      0.8753838      0.0139510      0.0801851      0.0808921      0.2794646      0.0505692      0.4447158      0.0053471      0.0161574      0.0099401      0.8680000      0.0040000      0.1341400      0.0005100     16.5153000      0.1930700   5065.0000000     19.0000000      0.6954000      0.0041000      0.2868340      0.0040000     -0.4200000   -999.0000000      2.0000000
     0.6773093      0.1997291      0.2643047      9.5409373      4.8758185      1.7771820      3.6195927     -6.8267554      1.2179912      0.0150237      0.0868957      0.0712524      0.3729800      0.0196877      0.6897399      0.0027858      0.0059780      0.0129793      1.2250000      0.0080000      0.2052100      0.0005400     14.9496600      0.1221900   4159.0000000     16.0000000      0.6398000      0.0046000      0.1109420      0.0010780      0.2400000   -999.0000000      7.0000000
     0.4354500      0.4444468      0.2518088      9.6666674      4.6780814      1.7941150      3.5334707     -7.5010528      0.8331510      0.0100458      0.0421880      0.1044176      0.3233506      0.1034602      0.5167120      0.0019109      0.0079848      0.0071805      0.8740000      0.0050000      0.2046000      0.0028000      2.9402500      0.0353900   3279.0000000     14.0000000      0.4593000      0.0068000      0.0219500      0.0006560      0.1500000      0.0800000      7.0000000
     0.3933805      0.0168146      0.2736959      9.5156615      6.6474055      1.8474781      3.5448599     -7.8594634      0.5233912      0.0110496      0.1564000      0.1432372      0.5233328      0.1042976      0.8446615      0.0050017      0.0079052      0.0129120      0.5670000      0.0150000      0.1501000      0.0017000      1.3742000      0.0163700   3366.0000000     46.0000000      0.4060000      0.0117000      0.0190610      0.0004880     -0.1900000   -999.0000000      4.0000000
     0.4128101     -0.0662961      0.2647307      9.4542179      2.5475356      1.7893967      3.5522909     -6.9637925      1.4181600      0.0073901      0.0998310      0.1224319      0.4770107      0.0067063      0.8273011      0.0028825      0.0055593      0.0174667      1.4320000      0.0130000      0.3926400      0.0006700     10.8213000      0.0956700   3548.0000000     18.0000000      0.3924000      0.0033000      0.0219360      0.0002080     -0.3800000   -999.0000000      7.0000000
     0.4125394     -0.1583366      0.2757446      9.4417546      4.8463209      1.8537711      3.5558765     -7.5089831      0.7447092      0.0087376      0.1158379      0.1724120      0.5143986      0.0368016      0.8003668      0.0030227      0.0088397      0.0104179      0.7640000      0.0170000      0.2062700      0.0010000      3.0865900      0.0422600   3550.0000000     41.0000000      0.3982000      0.0091000      0.0226710      0.0003800     -0.3700000   -999.0000000      7.0000000
     0.4537550      0.1214835      0.2701373      9.4793433     10.0879728      1.8837926      3.5513269     -8.0810268      0.3936691      0.0163911      0.1297016      0.1412838      0.5512913      0.3411168      0.7930474      0.0052817      0.0069391      0.0101369      0.4170000      0.0130000      0.0986100      0.0023300      0.8276600      0.0093200   3458.0000000     55.0000000      0.4546000      0.0182000      0.0265990      0.0012920      0.0100000   -999.0000000      7.0000000
     0.7188118     -0.2934988      0.2903877      9.3955126      9.0893611      1.9274094      3.6837441     -7.0626726      0.6910535      0.0187950      0.1298174      0.0553645      0.3569531      0.0669822      0.4298706      0.0064201      0.0081469      0.0150049      0.6790000      0.0070000      0.1099900      0.0004100      8.7658000      0.0600000   4888.0000000     27.0000000      0.6784200      0.0054800      0.2264370      0.0022920     -1.2600000   -999.0000000      3.0000000
     0.7744433     -0.1032850      0.2623727      9.5714536     11.0324871      1.8377668      3.6932165     -7.1213917      0.6182968      0.0306902      0.1098980      0.0831552      0.4199571      0.1647940      0.4908174      0.0063497      0.0185614      0.0140388      0.6220000      0.0060000      0.0903200      0.0007400      7.7674000      0.1142000   4955.0000000     30.0000000      0.7405000      0.0094000      0.2975560      0.0065510     -0.2400000   -999.0000000      2.0000000
     0.5084785     -0.0295232      0.2687734      9.4972809      7.6542690      1.8583234      3.5722355     -7.6561627      0.5830193      0.0121098      0.1162277      0.0988568      0.5019086      0.0916384      0.6850951      0.0038894      0.0052351      0.0105298      0.5930000      0.0160000      0.1306200      0.0010500      2.2061400      0.0182200   3705.0000000     51.0000000      0.4882000      0.0315000      0.0404090      0.0007300     -0.0900000      0.0800000      7.0000000
     0.4928765     -0.0410700      0.2508271      9.5091432      5.3843264      1.8315629      3.5684867     -7.3932225      0.8029006      0.0117362      0.1345435      0.1030271      0.5125313      0.0459208      0.8522850      0.0041908      0.0085907      0.0152086      0.8350000      0.0140000      0.1854900      0.0011000      4.0127200      0.0525100   3626.0000000     33.0000000      0.4840000      0.0084000      0.0364470      0.0006440     -0.3100000   -999.0000000      7.0000000
     0.7912813     -0.2035918      0.2616586      9.6797492      7.4938923      1.8819157      3.7122228     -6.6698629      0.9534856      0.0421703      0.1435461      0.0642594      0.4281453      0.1418861      0.4908634      0.0113121      0.0745806      0.0481397      0.9730000      0.0090000      0.1323800      0.0008200     25.8044000      0.3077000   5349.0000000     29.0000000      0.7910000      0.0080000      0.4601620      0.0079120     -0.9200000   -999.0000000      2.0000000
     0.1225339      0.0262257      0.2665035      9.4486915      1.2965138      1.8757951      3.4772722     -7.5087565      1.0699467      0.0019752      0.1260452      0.0976389      0.4341831      0.0066453      0.7141029      0.0044160      0.0149205      0.0249582      1.0110000      0.0520000      0.7716400      0.0026000      3.0602000      0.0612000   3079.0000000     81.0000000      0.1410000      0.0070000      0.0016060      0.0000340      0.0000000   -999.0000000      5.0000000
     0.8308941     -0.0658308      0.2701159      9.6575079      1.3373478      1.9421464      3.7145405     -5.1245416      5.5899379      0.0608680      0.1379458      0.0728922      0.4694399      0.0053592      0.4328150      0.0232269      0.1255738      0.3061066      6.0000000      0.0210000      0.7471000      0.0012000    865.4461100     17.3089000   5184.0000000     27.0000000      0.8671500      0.0028700      0.4845560      0.0098150      0.2100000   -999.0000000      3.0000000
     0.8295244     -0.1659774      0.2683674      9.6170191      6.6917685      1.8950444      3.7233035     -6.4841441      1.1238278      0.0686351      0.1465947      0.0880108      0.4993891      0.0711829      0.4570078      0.0179673      0.1323801      0.0854078      1.1960000      0.0140000      0.1489800      0.0004800     45.3513900      0.2972900   5555.0000000     34.0000000      0.8627000      0.0107000      0.6385520      0.0058700     -0.1600000   -999.0000000      2.0000000
     0.7529467      0.0337980      0.2628343      9.5358747      5.8801298      1.8499659      3.6695267     -6.7010029      1.1190208      0.0197814      0.1586022      0.0674780      0.4295623      0.0531587      0.5888876      0.0068681      0.0062220      0.0357489      1.1770000      0.0300000      0.1698500      0.0008200     20.0192000      0.1329000   4564.0000000     59.0000000      0.7390000      0.0190000      0.2168590      0.0025410     -0.0600000   -999.0000000      3.0000000
     0.3118966     -0.0655814      0.2830657      9.4693096      6.2524357      1.8364111      3.5366250     -8.0165117      0.4536858      0.0096629      0.1329712      0.1114643      0.4736332      0.0797051      0.7713704      0.0039211      0.0045157      0.0088782      0.4460000      0.0140000      0.1601200      0.0013300      0.9608500      0.0076700   3471.0000000     55.0000000      0.2990000      0.0100000      0.0117120      0.0002160     -0.1500000   -999.0000000      7.0000000
     0.8383311     -0.1288029      0.2811681      9.5475851     17.5633934      1.8558731      3.7221117     -7.3276698      0.4278853      0.0662442      0.1072019      0.0526561      0.5166933      0.2832079      0.4698244      0.0195883      0.1383854      0.0321069      0.4590000      0.0170000      0.0569100      0.0003400      6.7864900      0.1357300   5577.0000000    107.0000000      0.8668000      0.0324000      0.6548310      0.0152560      0.3300000   -999.0000000      2.0000000
     0.3398781     -0.1729142      0.2538946      9.5086773      6.5271681      1.8827207      3.5442147     -7.9622342      0.4663396      0.0073054      0.1026737      0.1024470      0.5308315      0.0600974      0.7658340      0.0023601      0.0064305      0.0057806      0.4750000      0.0130000      0.1534600      0.0009900      1.0874100      0.0120100   3469.0000000     48.0000000      0.3328000      0.0093000      0.0144300      0.0002450     -0.3500000      0.0800000      7.0000000
     0.8164130     -0.1532672      0.2602521      9.4701391      9.7329931      1.8239971      3.7147063     -6.8820809      0.7380179      0.0463185      0.1063237      0.0592270      0.5505230      0.1083284      0.4489576      0.0102004      0.0590944      0.0267353      0.7240000      0.0110000      0.1025500      0.0004000     14.8801000      0.0900000   5404.0000000     42.0000000      0.7591000      0.0122000      0.4421770      0.0043650      0.0400000   -999.0000000      3.0000000
     0.5305684      0.1116563      0.2771717      9.4682937     10.2950578      1.8264226      3.5702068     -7.8861001      0.4516407      0.0130981      0.1066897      0.1002220      0.4815033      0.2150176      0.8010994      0.0041312      0.0062330      0.0091707      0.4840000      0.0120000      0.0966700      0.0013900      1.2984000      0.0128600   3592.0000000     45.0000000      0.5387000      0.0157000      0.0434200      0.0013210      0.0300000      0.0800000      7.0000000
     0.6712925      0.1599808      0.2730788      9.4981751      7.6860818      1.8557141      3.6199518     -7.2280099      0.7661381      0.0163172      0.1005694      0.0600931      0.4558020      0.0665895      0.5789090      0.0032229      0.0054974      0.0097669      0.7680000      0.0070000      0.1298600      0.0007300      5.9265400      0.0446000   4168.0000000     21.0000000      0.6359000      0.0071000      0.1098280      0.0014860      0.1900000   -999.0000000      7.0000000
     0.8031580     -0.1489676      0.2491657      9.6540425     12.8133247      1.8629531      3.7113705     -7.1308263      0.5628311      0.0383365      0.1114706      0.0476173      0.4355346      0.1465857      0.4605658      0.0093237      0.0529889      0.0221578      0.5730000      0.0100000      0.0781100      0.0003000      8.2539000      0.1000000   5242.0000000     48.0000000      0.7891000      0.0144000      0.4227730      0.0060650     -0.5200000   -999.0000000      2.0000000
     0.4263343      0.2036720      0.2523057      9.4866820      4.5291860      1.8705824      3.5420280     -7.4712770      0.8289721      0.0089730      0.1065212      0.1063502      0.5105195      0.0288814      0.7416907      0.0037170      0.0051794      0.0151004      0.8590000      0.0140000      0.2208400      0.0009400      3.3631300      0.0283100   3421.0000000     29.0000000      0.4183000      0.0070000      0.0215500      0.0002580      0.0500000   -999.0000000      7.0000000
     0.8047471     -0.1170466      0.2668751      9.7167185      7.5086239      1.8853224      3.7096386     -6.6671287      0.9674044      0.0394253      0.0905271      0.0637767      0.3811616      0.0670396      0.4794005      0.0094893      0.0566908      0.0360325      1.0000000      0.0040000      0.1327600      0.0005000     24.2500000      0.2825400   5195.0000000     18.0000000      0.8101000      0.0045000      0.4299700      0.0059650     -0.1400000   -999.0000000      2.0000000
     0.1660764     -0.1566258      0.2807112      9.3807150      1.8236949      1.7191426      3.5077413     -7.4866572      0.9539202      0.0017801      0.0879266      0.0916291      0.4326790      0.0074193      0.6309979      0.0019845      0.0095767      0.0077565      0.9520000      0.0050000      0.5483100      0.0015100      3.2629200      0.0565900   3225.0000000     16.0000000      0.1869000      0.0012000      0.0033920      0.0000620     -0.4000000   -999.0000000      7.0000000
     0.8209485     -0.0507385      0.2604956      9.6058822      5.0748330      1.8677911      3.7086810     -6.3239861      1.4429029      0.0610484      0.1949175      0.0580088      0.5218281      0.0542271      0.5732226      0.0282205      0.1357913      0.0685982      1.5150000      0.0050000      0.1959600      0.0008700     64.3329600      1.8793900   5386.0000000     40.0000000      0.8310000      0.0044000      0.5235520      0.0159860     -0.0100000   -999.0000000      2.0000000
     0.7044221      0.0020352      0.2920964      9.5202952      5.1011129      1.8231865      3.6485682     -6.7143423      1.2135187      0.0227983      0.1121110      0.0984006      0.4616938      0.0342036      0.7079522      0.0052032      0.0129147      0.0202818      1.2210000      0.0150000      0.1959600      0.0008700     19.4020000      0.4120000   4446.0000000     36.0000000      0.6697000      0.0089000      0.1578970      0.0036340     -0.1200000   -999.0000000      2.0000000
     0.7870516     -0.1236113      0.2655947      9.6509092     11.0187997      1.8176880      3.7020902     -7.0605161      0.6368576      0.0334288      0.1100066      0.0573667      0.3990978      0.1086639      0.4983290      0.0082068      0.0319043      0.0236862      0.6660000      0.0060000      0.0907100      0.0003000      9.2785000      0.0594400   5006.0000000     24.0000000      0.7897000      0.0077000      0.3523940      0.0032450     -0.3300000   -999.0000000      2.0000000
     0.8159040     -0.1407182      0.2715004      9.5790997      3.6493552      1.8672675      3.7149853     -6.0164269      1.9981933      0.0512418      0.1251980      0.0548442      0.5190541      0.0068936      0.5063724      0.0144690      0.0964185      0.1117716      2.0780000      0.0310000      0.2739600      0.0001700    119.8023000      1.3945000   5373.0000000     43.0000000      0.8153900      0.0121700      0.4988300      0.0058390     -0.6000000   -999.0000000      2.0000000
     0.3618522      0.1190979      0.2861983      9.5306754      3.5294060      1.8207976      3.5357013     -7.4042167      0.9218915      0.0068538      0.0799011      0.1104405      0.5108783      0.0308639      0.6202024      0.0029559      0.0070299      0.0109036      0.9370000      0.0080000      0.2830000      0.0016900      3.8975100      0.0449000   3398.0000000     17.0000000      0.3561000      0.0039000      0.0152080      0.0002520     -0.2300000   -999.0000000      7.0000000
     0.2794049      0.1782698      0.2743847      9.5808522      3.5267332      1.7711583      3.5220134     -7.6317872      0.7556995      0.0089976      0.1210620      0.1230778      0.5388429      0.0306443      0.8025445      0.0045619      0.0102255      0.0160721      0.8510000      0.0150000      0.2830000      0.0016900      2.2445300      0.0375400   3106.0000000     30.0000000      0.3232000      0.0061000      0.0087580      0.0001800     -0.3000000   -999.0000000      7.0000000
     0.4927438      0.1842264      0.2770274      9.5069839      5.8698792      1.8545450      3.5562381     -7.5192073      0.7347439      0.0090581      0.0846193      0.1127883      0.4920803      0.0478774      0.7206629      0.0031379      0.0050985      0.0112360      0.7470000      0.0080000      0.1703600      0.0010000      3.0174400      0.0229600   3570.0000000     20.0000000      0.4713000      0.0060000      0.0324910      0.0004550      0.1000000      0.0800000      7.0000000
     0.8223136     -0.1339645      0.2789952      9.5879078     10.0370115      1.8228732      3.7168899     -6.8801502      0.7329086      0.0487691      0.0877273      0.0638861      0.4836140      0.1243135      0.5350025      0.0126732      0.0951778      0.0426365      0.7630000      0.0210000      0.0993300      0.0005300     16.4083000      0.1966000   5394.0000000     76.0000000      0.8190000      0.0240000      0.5197140      0.0083390     -0.0400000   -999.0000000      2.0000000
     0.8129380     -0.1369188      0.2637526      9.5116092      5.7553730      1.8957871      3.7119075     -6.4429746      1.2394808      0.0397053      0.1131830      0.0676092      0.4498609      0.0143181      0.4166138      0.0089290      0.0469654      0.0455347      1.2540000      0.0120000      0.1737700      0.0001800     39.8109000      0.4271600   5251.0000000     29.0000000      0.7780000      0.0080000      0.4120160      0.0045020     -0.3100000   -999.0000000      2.0000000
     0.5624852      0.1631960      0.2822744      9.5837517      7.0428974      1.8553356      3.5768604     -7.4727552      0.7048871      0.0117212      0.0900728      0.1203333      0.4825217      0.0476879      0.7464703      0.0035501      0.0069184      0.0100588      0.7220000      0.0080000      0.1418700      0.0006400      3.3480900      0.0360300   3727.0000000     23.0000000      0.5472000      0.0067000      0.0519850      0.0007300     -0.0600000   -999.0000000      7.0000000
     0.6978357      0.1169277      0.2738941      9.5501787      3.4948081      1.8537133      3.6353614     -6.4474530      1.7528813      0.0192572      0.0936784      0.0986265      0.4220975      0.0102322      0.6280231      0.0032937      0.0083226      0.0200993      1.7750000      0.0130000      0.2860400      0.0005600     35.4910000      0.4440000   4289.0000000     21.0000000      0.6611000      0.0048000      0.1355580      0.0017770     -0.1900000   -999.0000000      7.0000000
     0.6162125     -0.0157700      0.2918400      9.4844449      3.4954769      1.9489194      3.6096540     -6.6522266      1.5588885      0.0168878      0.1251279      0.0840851      0.4413991      0.0106317      0.7035675      0.0038231      0.0054503      0.0259744      1.5810000      0.0220000      0.2860400      0.0005600     22.2523800      0.1923500   4044.0000000     29.0000000      0.6010000      0.0072000      0.0849930      0.0008070     -0.2200000   -999.0000000      7.0000000
     0.7569407      0.1138373      0.2923559      9.6643920      3.6225429      1.8813990      3.6644023     -6.2902227      1.8379403      0.0187385      0.0855831      0.0825328      0.3645896      0.0051550      0.5994845      0.0051964      0.0164396      0.0352324      1.8810000      0.0170000      0.2760600      0.0002800     51.4025000      1.0280000   4570.0000000     31.0000000      0.7320000      0.0060000      0.2107840      0.0042370     -0.0700000   -999.0000000      3.0000000
     0.5818317      0.1848173      0.2617397      9.4943374     10.2056571      1.8820040      3.5822082     -7.7469419      0.5016204      0.0161336      0.1282871      0.0970026      0.4380694      0.2336560      0.6722199      0.0045025      0.0053428      0.0104634      0.5320000      0.0140000      0.0976100      0.0015300      1.7910800      0.0148100   3713.0000000     49.0000000      0.5863000      0.0179000      0.0587470      0.0019050      0.1700000      0.0800000      7.0000000
     0.3468610      0.3827107      0.2663947      9.5916081      4.6600082      1.7773554      3.5230109     -7.7112690      0.6863876      0.0087499      0.0776514      0.0997585      0.4457158      0.0746779      0.6262091      0.0026282      0.0050946      0.0081945      0.7460000      0.0090000      0.2132800      0.0021200      1.9156600      0.0151700   3189.0000000     20.0000000      0.3761000      0.0059000      0.0131610      0.0002820      0.1700000      0.0800000      7.0000000
     0.5720965      0.2790422      0.2591022      9.5346993      6.8257823      1.8891897      3.5728577     -7.4485806      0.7382195      0.0103885      0.0797470      0.0915674      0.4445477      0.0689103      0.6042375      0.0022773      0.0048327      0.0066649      0.7440000      0.0040000      0.1460900      0.0010000      3.5448500      0.0271500   3724.0000000     12.0000000      0.5477000      0.0048000      0.0519060      0.0008140      0.2100000   -999.0000000      7.0000000
     0.4942267     -0.0250721      0.2759353      9.4091159      3.2762764      1.8812132      3.5682166     -6.9638839      1.3178773      0.0114451      0.1223786      0.1322300      0.5418309      0.0104784      0.8277459      0.0043577      0.0096113      0.0251886      1.3040000      0.0320000      0.3052600      0.0007000     10.8945000      0.1680200   3724.0000000     48.0000000      0.4712000      0.0086000      0.0365370      0.0005880     -0.0600000   -999.0000000      7.0000000
     0.7757761     -0.0122084      0.2654350      9.6310216      6.5395860      1.9088906      3.6864629     -6.6881106      1.0506648      0.0268680      0.1367634      0.0577858      0.4676214      0.0309197      0.4603097      0.0081057      0.0156502      0.0352550      1.1060000      0.0070000      0.1527600      0.0002900     20.8979400      0.1220800   4759.0000000     17.0000000      0.7784000      0.0053000      0.2798630      0.0019500     -0.0500000   -999.0000000      2.0000000
     0.4082081      0.2178193      0.2693669      9.5734155      6.1619979      1.8180915      3.5383193     -7.7836108      0.5885457      0.0111933      0.0904791      0.1293326      0.5106654      0.0906903      0.7905188      0.0036401      0.0133725      0.0100807      0.6230000      0.0100000      0.1617600      0.0016600      1.5921600      0.0332500   3332.0000000     32.0000000      0.4139000      0.0076000      0.0190150      0.0005570      0.0300000      0.0800000      7.0000000
     0.1529296      0.3306272      0.2944864      9.4249261      3.1569908      1.9431922      3.4818952     -8.0952298      0.5331909      0.0031746      0.0555960      0.0904467      0.4292982      0.0101612      0.6428837      0.0028693      0.0124983      0.0062221      0.6080000      0.0080000      0.3167000      0.0007000      0.7589300      0.0118200   2802.0000000     21.0000000      0.2070000      0.0029000      0.0023650      0.0000380      0.2300000      0.0800000      7.0000000
     0.7924826     -0.1604565      0.2688164      9.5749133     16.7389836      1.8330628      3.7068998     -7.4021520      0.4204150      0.0357798      0.1337848      0.0582464      0.4783088      0.3722536      0.4577841      0.0092656      0.0423128      0.0165501      0.4330000      0.0140000      0.0594600      0.0005900      4.2998000      0.0860000   5123.0000000     87.0000000      0.7821000      0.0258000      0.3800670      0.0107080     -0.2800000   -999.0000000      2.0000000
