     0.7643594      0.0576337      0.2633028      9.9517502      7.1502353      1.8615370      3.6795803     -6.7671546      0.9898319      0.0200749      0.0587069      0.0630286      0.3193555      0.0379368      0.4950448      0.0032079      0.0058999      0.0168454      1.0300000      0.0070000      0.1392700      0.0004500     17.1834000      0.1059100   4696.0000000     18.0000000      0.7949000      0.0062000      0.2768570      0.0024720     -0.2700000   -999.0000000      2.0000000
     0.8125858     -0.0359977      0.2359925      9.7352557     10.3295342      1.9470933      3.7060956     -6.9535138      0.7068029      0.0257982      0.0563215      0.1065961      0.3714557      0.0753852      0.5574159      0.0048373      0.0151006      0.0159228      0.7130000      0.0060000      0.0966000      0.0004000     11.5675000      0.2313500   5113.0000000     33.0000000      0.7935000      0.0072000      0.3873880      0.0083860      0.0800000   -999.0000000      3.0000000
     0.7917183     -0.1366862      0.2580629      9.5409430      3.2160364      1.9287135      3.7030917     -5.9958912      2.1585814      0.0256519      0.0837791      0.1264848      0.3976354      0.0026886      0.7190737      0.0040190      0.0084791      0.0346394      2.1480000      0.0290000      0.3109400      0.0001600    102.3041000      1.1903300   5080.0000000     37.0000000      0.7350000      0.0050000      0.3306750      0.0038620     -0.1600000   -999.0000000      2.0000000
     0.4104491     -0.2103837      0.2469892      9.4952507      3.5869915      1.7060076      3.5567029     -7.2458209      1.0043084      0.0063315      0.0547969      0.2425883      0.5074073      0.0138246      0.8695005      0.0012982      0.0042225      0.0051142      1.0050000      0.0050000      0.2787600      0.0007700      5.6687900      0.0454000   3603.0000000     12.0000000      0.3863000      0.0021000      0.0227980      0.0002220     -0.3000000   -999.0000000      7.0000000
     0.7773814     -0.2051778      0.2410428      9.9293488      4.9823762      1.8378134      3.6971784     -6.2700767      1.4799413      0.0336610      0.0733036      0.0722977      0.1659959      0.0083659      0.4466444      0.0150904      0.0104415      0.0220293      1.5040000      0.0060000      0.2006200      0.0002300     52.8799000      0.6227400   5148.0000000     18.0000000      0.8051000      0.0035000      0.4105850      0.0049260     -0.4400000   -999.0000000      2.0000000
     0.7038812      0.3195180      0.2592270      9.4416631     11.3515442      1.7930402      3.6235138     -7.5183387      0.5395348      0.0127917      0.0987876      0.2015547      0.4626739      0.1817180      0.8239172      0.0030003      0.0057761      0.0078081      0.5860000      0.0220000      0.0877800      0.0009700      3.0277100      0.0316900   4034.0000000     76.0000000      0.7176000      0.0280000      0.1227960      0.0030030      0.3900000      0.0800000      7.0000000
     0.4945199      0.1193165      0.2733081      9.4434380      9.3125348      1.8156783      3.5604423     -7.9014809      0.4641399      0.0159093      0.1048439      0.3148782      0.5522149      0.3440615      0.9342577      0.0046054      0.0048282      0.0100657      0.4540000      0.0190000      0.1078300      0.0028500      1.2537100      0.0111900   3676.0000000     77.0000000      0.4525000      0.0221000      0.0336960      0.0018060      0.1400000      0.0800000      7.0000000
     0.7739415      0.0565095      0.2694239      9.9039823      8.6782161      1.8730859      3.6628490     -6.8841141      0.8100899      0.0208586      0.0522407      0.0930852      0.3192100      0.0571616      0.5972869      0.0200300      0.0380722      0.0194099      0.8290000      0.0070000      0.1148400      0.0005000     12.0460000      0.1425900   4790.0000000     25.0000000      0.7759000      0.0073000      0.2854420      0.0041950      0.1400000   -999.0000000      2.0000000
     0.6148512      0.3847803      0.2698820      9.2433829      5.6788818      1.7619431      3.5821233     -7.1975667      0.9443760      0.0064329      0.0547313      0.2573633      0.4165637      0.0487419      0.8354794      0.0011674      0.0045857      0.0043048      0.9430000      0.0040000      0.1767700      0.0011800      6.3402100      0.0537100   3825.0000000     11.0000000      0.5735000      0.0044000      0.0634090      0.0010030      0.4900000   -999.0000000      7.0000000
     0.6179415      0.1073568      0.2804323      9.5687610     11.1510185      1.8277377      3.6013401     -7.6897134      0.4905561      0.0134113      0.0711133      0.2188684      0.5256536      0.1804171      0.9013772      0.0034745      0.0052215      0.0076711      0.5190000      0.0150000      0.0889700      0.0010200      2.0395100      0.0198000   3883.0000000     57.0000000      0.6266000      0.0193000      0.0805190      0.0020050      0.0500000   -999.0000000      7.0000000
     0.7651844     -0.2947761      0.2776784      9.9256607     16.3790093      1.8293318      3.7153404     -7.3129606      0.4478895      0.0489217      0.1260329      0.0904710      0.3087921      0.2793839      0.5696665      0.0047068      0.0254294      0.0093042      0.4650000      0.0040000      0.0596400      0.0005600      4.8194000      0.1445800   5087.0000000     44.0000000      0.8387000      0.0109000      0.4234280      0.0149860     -0.8300000   -999.0000000      2.0000000
     0.8319303     -0.1545195      0.2662437      9.7828798     12.4316918      1.8314305      3.7273093     -6.9633677      0.6342816      0.0650066      0.1111392      0.0885328      0.5058525      0.1293515      0.4618495      0.0103873      0.0352322      0.0263528      0.6740000      0.0140000      0.0800400      0.0003500     11.9156000      0.2383100   5298.0000000     61.0000000      0.9058000      0.0190000      0.5812500      0.0126880     -0.1100000      0.0300000      2.0000000
     0.5932900      0.0110910      0.2775522      9.5083201      6.1146941      1.7980145      3.5987013     -7.2146870      0.8579525      0.0124945      0.0691718      0.1964100      0.5231343      0.1127215      0.9291514      0.0028977      0.0051014      0.0116339      0.8710000      0.0150000      0.1621300      0.0023700      6.0882300      0.0590400   3940.0000000     35.0000000      0.5773000      0.0131000      0.0723810      0.0022290     -0.0400000   -999.0000000      7.0000000
     0.5901254     -0.0087009      0.2906273      9.5025382      6.1368206      1.7828402      3.5883894     -7.1983200      0.8420148      0.0125544      0.0726711      0.3225646      0.5216229      0.1170667      0.9290453      0.0097971      0.0279711      0.0118970      0.8560000      0.0160000      0.1621300      0.0023700      5.9220000      0.0714100   3947.0000000     39.0000000      0.5673000      0.0137000      0.0704050      0.0022270     -0.0400000   -999.0000000      7.0000000
     0.7515208     -0.3378147      0.2404008      9.3411000      7.4635088      1.7695250      3.7033837     -6.7834864      0.8704179      0.0163233      0.0540797      0.2018607      0.3472944      0.0455955      0.7648348      0.0019295      0.0062594      0.0051771      0.8680000      0.0040000      0.1341400      0.0005100     16.5153000      0.1930700   5065.0000000     19.0000000      0.6954000      0.0041000      0.2868340      0.0040000     -0.4200000   -999.0000000      2.0000000
     0.6824768      0.2312109      0.2945068      9.4769807      4.8735407      1.8184972      3.6190703     -6.8249191      1.2234522      0.0144329      0.0643560      0.2243626      0.4488896      0.0189658      0.8608309      0.0014463      0.0039621      0.0082771      1.2250000      0.0080000      0.2052100      0.0005400     14.9496600      0.1221900   4159.0000000     16.0000000      0.6398000      0.0046000      0.1109420      0.0010780      0.2400000   -999.0000000      7.0000000
     0.4141287      0.4757827      0.2814485      9.8739369      4.4922370      1.8072881      3.5290241     -7.5127936      0.8389427      0.0083724      0.0203189      0.1936892      0.2853851      0.0935165      0.7643427      0.0011858      0.0064797      0.0055366      0.8740000      0.0050000      0.2046000      0.0028000      2.9402500      0.0353900   3279.0000000     14.0000000      0.4593000      0.0068000      0.0219500      0.0006560      0.1500000      0.0800000      7.0000000
     0.3825195     -0.0801203      0.2695826      9.5722999      6.6018656      1.7930744      3.5343005     -7.8311747      0.5135463      0.0092084      0.0912786      0.3984039      0.5267380      0.1102158      0.9113613      0.0134477      0.0290885      0.0071558      0.5670000      0.0150000      0.1501000      0.0017000      1.3742000      0.0163700   3366.0000000     46.0000000      0.4060000      0.0117000      0.0190610      0.0004880     -0.1900000   -999.0000000      4.0000000
     0.4030942     -0.1995345      0.2626352      9.7363737      2.5457251      1.7255027      3.5544624     -6.9639286      1.4037761      0.0058387      0.0341666      0.2331279      0.4640354      0.0059550      0.8796413      0.0013182      0.0049295      0.0094553      1.4320000      0.0130000      0.3926400      0.0006700     10.8213000      0.0956700   3548.0000000     18.0000000      0.3924000      0.0033000      0.0219360      0.0002080     -0.3800000   -999.0000000      7.0000000
     0.4018896     -0.2762531      0.2796091      9.5398134      4.8424829      1.8916920      3.5492039     -7.4812783      0.7336811      0.0069645      0.0647857      0.3289224      0.5372652      0.0327049      0.9090575      0.0093273      0.0284616      0.0102992      0.7640000      0.0170000      0.2062700      0.0010000      3.0865900      0.0422600   3550.0000000     41.0000000      0.3982000      0.0091000      0.0226710      0.0003800     -0.3700000   -999.0000000      7.0000000
     0.4459134      0.0726029      0.2839509      9.5313799      9.9647372      1.7952131      3.5523135     -8.0807734      0.3919353      0.0130363      0.0656603      0.2821883      0.5633103      0.3122592      0.9097208      0.0035035      0.0067145      0.0065587      0.4170000      0.0130000      0.0986100      0.0023300      0.8276600      0.0093200   3458.0000000     55.0000000      0.4546000      0.0182000      0.0265990      0.0012920      0.0100000   -999.0000000      7.0000000
     0.6939039     -0.4745771      0.3040666      9.5534620      9.1015569      1.6494144      3.6910642     -7.0567532      0.6725024      0.0087643      0.0193115      0.1183127      0.2265719      0.0479857      0.5858438      0.0023706      0.0045974      0.0063228      0.6790000      0.0070000      0.1099900      0.0004100      8.7658000      0.0600000   4888.0000000     27.0000000      0.6784200      0.0054800      0.2264370      0.0022920     -1.2600000   -999.0000000      3.0000000
     0.7703967     -0.1575925      0.2480489      9.5803513     11.0176267      1.8231282      3.6959867     -7.1106630      0.6179351      0.0246264      0.0694612      0.1868994      0.4226039      0.1418037      0.7823091      0.0028309      0.0079282      0.0073937      0.6220000      0.0060000      0.0903200      0.0007400      7.7674000      0.1142000   4955.0000000     30.0000000      0.7405000      0.0094000      0.2975560      0.0065510     -0.2400000   -999.0000000      2.0000000
     0.5081412     -0.0356534      0.2725969      9.4548055      7.6445176      1.7599654      3.5725321     -7.6554680      0.5826879      0.0117220      0.1137810      0.3308045      0.5086314      0.0869008      0.9190531      0.0035994      0.0042219      0.0100255      0.5930000      0.0160000      0.1306200      0.0010500      2.2061400      0.0182200   3705.0000000     51.0000000      0.4882000      0.0315000      0.0404090      0.0007300     -0.0900000      0.0800000      7.0000000
     0.4777367     -0.1897773      0.2291507      9.7305651      5.3683697      1.8172090      3.5713597     -7.3940656      0.7914798      0.0076136      0.0408179      0.3239567      0.4298463      0.0451113      0.9142060      0.0016153      0.0070362      0.0072220      0.8350000      0.0140000      0.1854900      0.0011000      4.0127200      0.0525100   3626.0000000     33.0000000      0.4840000      0.0084000      0.0364470      0.0006440     -0.3100000   -999.0000000      7.0000000
     0.8117400     -0.2262778      0.2520048      9.6365073      7.5337751      1.9094732      3.7060423     -6.5925237      0.9728095      0.0546398      0.1493751      0.0731884      0.4720731      0.1027008      0.4564392      0.0173716      0.0276465      0.0221263      0.9730000      0.0090000      0.1323800      0.0008200     25.8044000      0.3077000   5349.0000000     29.0000000      0.7910000      0.0080000      0.4601620      0.0079120     -0.9200000   -999.0000000      2.0000000
     0.1217620      0.0015853      0.2774908      9.4589639      1.2960534      1.8261070      3.4779013     -7.5126521      1.0618923      0.0014467      0.0731952      0.2617588      0.5643615      0.0057872      0.8912143      0.0027755      0.0118072      0.0159794      1.0110000      0.0520000      0.7716400      0.0026000      3.0602000      0.0612000   3079.0000000     81.0000000      0.1410000      0.0070000      0.0016060      0.0000340      0.0000000   -999.0000000      5.0000000
     0.8131808     -0.0678129      0.2528299      9.9517816      1.3383945      1.9270810      3.7155758     -5.0784352      5.8619581      0.0199966      0.0681171      0.0712021      0.1045858      0.0039004      0.4071511      0.0053098      0.0239924      0.1420990      6.0000000      0.0210000      0.7471000      0.0012000    865.4461100     17.3089000   5184.0000000     27.0000000      0.8671500      0.0028700      0.4845560      0.0098150      0.2100000   -999.0000000      3.0000000
     0.8657327     -0.1438025      0.2877081      9.5807301      6.7131302      1.8227678      3.7210862     -6.3789511      1.1656708      0.0783279      0.1057028      0.0706787      0.5599832      0.0545144      0.5003752      0.0142143      0.0714198      0.0547577      1.1960000      0.0140000      0.1489800      0.0004800     45.3513900      0.2972900   5555.0000000     34.0000000      0.8627000      0.0107000      0.6385520      0.0058700     -0.1600000   -999.0000000      2.0000000
     0.7489994     -0.0091155      0.2767646      9.5346055      5.8729112      1.8123060      3.6710145     -6.6984444      1.1142972      0.0176235      0.0753106      0.1550678      0.4404679      0.0430141      0.7992790      0.0037840      0.0039300      0.0195830      1.1770000      0.0300000      0.1698500      0.0008200     20.0192000      0.1329000   4564.0000000     59.0000000      0.7390000      0.0190000      0.2168590      0.0025410     -0.0600000   -999.0000000      3.0000000
     0.3067075     -0.1175776      0.2953771      9.4191159      6.2492259      1.8628634      3.5145183     -7.9590107      0.4486351      0.0086191      0.0777747      0.2519016      0.5421625      0.0818556      0.8851355      0.0237573      0.0582471      0.0039929      0.4460000      0.0140000      0.1601200      0.0013300      0.9608500      0.0076700   3471.0000000     55.0000000      0.2990000      0.0100000      0.0117120      0.0002160     -0.1500000   -999.0000000      7.0000000
     0.8482202     -0.1517517      0.2569245      9.7707652     17.4378061      1.8605349      3.7323653     -7.2247314      0.4589998      0.0737863      0.1137162      0.0935868      0.4698077      0.2836607      0.4943752      0.0121847      0.0556192      0.0221755      0.4590000      0.0170000      0.0569100      0.0003400      6.7864900      0.1357300   5577.0000000    107.0000000      0.8668000      0.0324000      0.6548310      0.0152560      0.3300000   -999.0000000      2.0000000
     0.3334568     -0.2169178      0.3270060      9.4790557      6.5116224      1.8981642      3.5129705     -7.9100193      0.4624109      0.0074234      0.0968546      0.3697794      0.5318499      0.0599313      0.9215008      0.0323955      0.0528404      0.0062864      0.4750000      0.0130000      0.1534600      0.0009900      1.0874100      0.0120100   3469.0000000     48.0000000      0.3328000      0.0093000      0.0144300      0.0002450     -0.3500000      0.0800000      7.0000000
     0.8116231     -0.1813117      0.2765858      9.6826653      9.7518911      1.7532667      3.7190371     -6.8420576      0.7572762      0.0468243      0.1133688      0.0850219      0.5128623      0.0842131      0.4519575      0.0059035      0.0139106      0.0210808      0.7240000      0.0110000      0.1025500      0.0004000     14.8801000      0.0900000   5404.0000000     42.0000000      0.7591000      0.0122000      0.4421770      0.0043650      0.0400000   -999.0000000      3.0000000
     0.5331848      0.1836057      0.2604485      9.5895514     10.2416283      1.7649479      3.5667000     -7.8861960      0.4589172      0.0123550      0.0975254      0.2475716      0.5304544      0.2017167      0.8676020      0.0036629      0.0056020      0.0077541      0.4840000      0.0120000      0.0966700      0.0013900      1.2984000      0.0128600   3592.0000000     45.0000000      0.5387000      0.0157000      0.0434200      0.0013210      0.0300000      0.0800000      7.0000000
     0.6746383      0.1735978      0.2706824      9.4768249      7.7033203      1.8751227      3.6199570     -7.2266723      0.7672571      0.0139136      0.0637791      0.1637119      0.4868952      0.0572582      0.8221729      0.0020125      0.0035629      0.0063033      0.7680000      0.0070000      0.1298600      0.0007300      5.9265400      0.0446000   4168.0000000     21.0000000      0.6359000      0.0071000      0.1098280      0.0014860      0.1900000   -999.0000000      7.0000000
     0.7980788     -0.2378499      0.2668085      9.6584456     12.7751951      1.9138281      3.7181081     -7.0958443      0.5678248      0.0534758      0.1436804      0.0635763      0.5219200      0.0993983      0.4826167      0.0052452      0.0127209      0.0131863      0.5730000      0.0100000      0.0781100      0.0003000      8.2539000      0.1000000   5242.0000000     48.0000000      0.7891000      0.0144000      0.4227730      0.0060650     -0.5200000   -999.0000000      2.0000000
     0.4217602      0.1691497      0.2676805      9.6477466      4.5226662      1.8252629      3.5427786     -7.4721426      0.8252185      0.0071123      0.0617128      0.3267787      0.5058543      0.0258568      0.9346732      0.0022902      0.0050575      0.0093505      0.8590000      0.0140000      0.2208400      0.0009400      3.3631300      0.0283100   3421.0000000     29.0000000      0.4183000      0.0070000      0.0215500      0.0002580      0.0500000   -999.0000000      7.0000000
     0.8130794     -0.1110050      0.2730936      9.7822760      7.5117076      1.8777519      3.7142251     -6.6288468      0.9894309      0.0331607      0.0531555      0.0868094      0.3506988      0.0598621      0.5205661      0.0032138      0.0122549      0.0186547      1.0000000      0.0040000      0.1327600      0.0005000     24.2500000      0.2825400   5195.0000000     18.0000000      0.8101000      0.0045000      0.4299700      0.0059650     -0.1400000   -999.0000000      2.0000000
     0.1628996     -0.2525516      0.2502803      9.4448847      1.8235988      1.7773367      3.4828289     -7.4389330      0.9410091      0.0024439      0.0428136      0.3231668      0.5320051      0.0078435      0.8876837      0.0272892      0.0431971      0.0071256      0.9520000      0.0050000      0.5483100      0.0015100      3.2629200      0.0565900   3225.0000000     16.0000000      0.1869000      0.0012000      0.0033920      0.0000620     -0.4000000   -999.0000000      7.0000000
     0.8390886     -0.1205718      0.2530065      9.7079946      5.0852245      1.8466017      3.7239492     -6.2286466      1.4997984      0.0579053      0.0442987      0.0659688      0.4083599      0.0485027      0.4791411      0.0106478      0.0427273      0.0169485      1.5150000      0.0050000      0.1959600      0.0008700     64.3329600      1.8793900   5386.0000000     40.0000000      0.8310000      0.0044000      0.5235520      0.0159860     -0.0100000   -999.0000000      2.0000000
     0.6949310     -0.0608844      0.2750502      9.5549914      5.0933094      1.9071149      3.6504852     -6.7099044      1.2089194      0.0219736      0.0780454      0.2870922      0.5377218      0.0346526      0.8930569      0.0030035      0.0099262      0.0161373      1.2210000      0.0150000      0.1959600      0.0008700     19.4020000      0.4120000   4446.0000000     36.0000000      0.6697000      0.0089000      0.1578970      0.0036340     -0.1200000   -999.0000000      2.0000000
     0.7785253     -0.1478567      0.2572763      9.8050310     11.0058238      1.7706660      3.7032428     -7.0384469      0.6495534      0.0364628      0.0611864      0.0814348      0.3451379      0.0616918      0.5606712      0.0041763      0.0055696      0.0153825      0.6660000      0.0060000      0.0907100      0.0003000      9.2785000      0.0594400   5006.0000000     24.0000000      0.7897000      0.0077000      0.3523940      0.0032450     -0.3300000   -999.0000000      2.0000000
     0.8250896     -0.1882663      0.2631867      9.6532127      3.6507773      1.8233838      3.7162563     -5.9225636      2.0546439      0.0602500      0.1315059      0.0741687      0.5387466      0.0046328      0.5311616      0.0097456      0.0261205      0.0625628      2.0780000      0.0310000      0.2739600      0.0001700    119.8023000      1.3945000   5373.0000000     43.0000000      0.8153900      0.0121700      0.4988300      0.0058390     -0.6000000   -999.0000000      2.0000000
     0.3550773      0.0543535      0.2941604      9.6262588      3.5204326      1.8011630      3.5225984     -7.3729549      0.9157021      0.0063318      0.0429550      0.4374850      0.5018176      0.0286707      0.8807480      0.0153167      0.0296633      0.0072571      0.9370000      0.0080000      0.2830000      0.0016900      3.8975100      0.0449000   3398.0000000     17.0000000      0.3561000      0.0039000      0.0152080      0.0002520     -0.2300000   -999.0000000      7.0000000
     0.2687437      0.0448830      0.2678594      9.7549031      3.5138348      1.7578619      3.5129626     -7.6134068      0.7340283      0.0071149      0.0584119      0.2194371      0.4743766      0.0303250      0.9406720      0.0129537      0.0220094      0.0098079      0.8510000      0.0150000      0.2830000      0.0016900      2.2445300      0.0375400   3106.0000000     30.0000000      0.3232000      0.0061000      0.0087580      0.0001800     -0.3000000   -999.0000000      7.0000000
     0.4946440      0.2252886      0.2517348      9.5232213      5.8591461      1.7636254      3.5544800     -7.5196961      0.7402643      0.0095485      0.0649745      0.4057678      0.5658870      0.0507041      0.9315859      0.0021476      0.0038212      0.0074719      0.7470000      0.0080000      0.1703600      0.0010000      3.0174400      0.0229600   3570.0000000     20.0000000      0.4713000      0.0060000      0.0324910      0.0004550      0.1000000      0.0800000      7.0000000
     0.8382593     -0.1389393      0.2574772      9.5977201     10.0568915      1.7275261      3.7247058     -6.8223983      0.7552070      0.0581676      0.1064552      0.1532823      0.5579327      0.1480291      0.6273456      0.0100795      0.0450234      0.0337094      0.7630000      0.0210000      0.0993300      0.0005300     16.4083000      0.1966000   5394.0000000     76.0000000      0.8190000      0.0240000      0.5197140      0.0083390     -0.0400000   -999.0000000      2.0000000
     0.8115463     -0.1720094      0.2763883      9.6049549      5.7546491      1.8547065      3.7050930     -6.3921044      1.2591221      0.0463468      0.1169746      0.0859985      0.4856133      0.0105837      0.5166675      0.0127405      0.0134296      0.0216436      1.2540000      0.0120000      0.1737700      0.0001800     39.8109000      0.4271600   5251.0000000     29.0000000      0.7780000      0.0080000      0.4120160      0.0045020     -0.3100000   -999.0000000      2.0000000
     0.5543118      0.1172923      0.2735484      9.7764941      7.0254485      1.8164602      3.5774296     -7.4729899      0.7028170      0.0100900      0.0524770      0.2788607      0.3912288      0.0444129      0.9340799      0.0020481      0.0060828      0.0071040      0.7220000      0.0080000      0.1418700      0.0006400      3.3480900      0.0360300   3727.0000000     23.0000000      0.5472000      0.0067000      0.0519850      0.0007300     -0.0600000   -999.0000000      7.0000000
     0.6721582      0.0003597      0.2603266      9.8899190      3.4923365      1.8708105      3.6216913     -6.4243467      1.7426768      0.0184488      0.0592830      0.1515468      0.2590332      0.0096945      0.8301679      0.0144521      0.0234478      0.0181653      1.7750000      0.0130000      0.2860400      0.0005600     35.4910000      0.4440000   4289.0000000     21.0000000      0.6611000      0.0048000      0.1355580      0.0017770     -0.1900000   -999.0000000      7.0000000
     0.6011201     -0.1227301      0.2839387      9.6286152      3.4936384      1.8776098      3.6119852     -6.6520829      1.5423588      0.0131408      0.0742155      0.2178969      0.4430923      0.0105032      0.9032595      0.0019359      0.0046039      0.0160504      1.5810000      0.0220000      0.2860400      0.0005600     22.2523800      0.1923500   4044.0000000     29.0000000      0.6010000      0.0072000      0.0849930      0.0008070     -0.2200000   -999.0000000      7.0000000
     0.7334909      0.0435327      0.2784534      9.9395365      3.6222192      1.8244616      3.6638584     -6.2882695      1.8465142      0.0244324      0.0665821      0.1834797      0.2250160      0.0050825      0.7619741      0.0027968      0.0111901      0.0234082      1.8810000      0.0170000      0.2760600      0.0002800     51.4025000      1.0280000   4570.0000000     31.0000000      0.7320000      0.0060000      0.2107840      0.0042370     -0.0700000   -999.0000000      3.0000000
     0.5842242      0.2331718      0.2883774      9.5228583     10.1549862      1.8200653      3.5798726     -7.7463476      0.5073561      0.0144026      0.0939415      0.2032097      0.5469492      0.2382681      0.8705369      0.0034708      0.0041585      0.0085274      0.5320000      0.0140000      0.0976100      0.0015300      1.7910800      0.0148100   3713.0000000     49.0000000      0.5863000      0.0179000      0.0587470      0.0019050      0.1700000      0.0800000      7.0000000
     0.3451788      0.4649260      0.2689533      9.7652577      4.6189881      1.7433906      3.5041415     -7.6874369      0.6925144      0.0083371      0.0309473      0.2109185      0.3588557      0.0682214      0.8133729      0.0153601      0.0265691      0.0048704      0.7460000      0.0090000      0.2132800      0.0021200      1.9156600      0.0151700   3189.0000000     20.0000000      0.3761000      0.0059000      0.0131610      0.0002820      0.1700000      0.0800000      7.0000000
     0.5709311      0.2848279      0.2709753      9.6288517      6.8227833      1.8643303      3.5721101     -7.4490763      0.7403269      0.0089669      0.0484063      0.1729138      0.4420398      0.0613245      0.8798173      0.0013841      0.0039460      0.0043171      0.7440000      0.0040000      0.1460900      0.0010000      3.5448500      0.0271500   3724.0000000     12.0000000      0.5477000      0.0048000      0.0519060      0.0008140      0.2100000   -999.0000000      7.0000000
     0.4922317     -0.0502935      0.2789269      9.4256184      3.2758142      1.8114044      3.5696516     -6.9616655      1.3124184      0.0076031      0.0653534      0.3138248      0.5599040      0.0103643      0.9388655      0.0027015      0.0085840      0.0179498      1.3040000      0.0320000      0.3052600      0.0007000     10.8945000      0.1680200   3724.0000000     48.0000000      0.4712000      0.0086000      0.0365370      0.0005880     -0.0600000   -999.0000000      7.0000000
     0.7704734      0.0469842      0.2575744      9.8676985      6.5413848      1.8869181      3.6820655     -6.6837326      1.0773115      0.0232418      0.0504610      0.0706441      0.4126208      0.0195141      0.4396625      0.0056985      0.0061576      0.0312619      1.1060000      0.0070000      0.1527600      0.0002900     20.8979400      0.1220800   4759.0000000     17.0000000      0.7784000      0.0053000      0.2798630      0.0019500     -0.0500000   -999.0000000      2.0000000
     0.4076468      0.3096336      0.2955300      9.6755648      6.1383034      1.7433073      3.5342355     -7.7902953      0.5951050      0.0103592      0.0802692      0.3421528      0.4695834      0.0906504      0.9092540      0.0028829      0.0122559      0.0086906      0.6230000      0.0100000      0.1617600      0.0016600      1.5921600      0.0332500   3332.0000000     32.0000000      0.4139000      0.0076000      0.0190150      0.0005570      0.0300000      0.0800000      7.0000000
     0.1551863      0.3967028      0.2873304      9.4902281      3.1518800      1.8418685      3.4604399     -8.0803886      0.5359744      0.0023121      0.0112135      0.1729258      0.4799010      0.0100845      0.7392465      0.0160705      0.0314524      0.0051685      0.6080000      0.0080000      0.3167000      0.0007000      0.7589300      0.0118200   2802.0000000     21.0000000      0.2070000      0.0029000      0.0023650      0.0000380      0.2300000      0.0800000      7.0000000
     0.7930398     -0.1888256      0.3002168      9.5850946     16.7139014      1.8961070      3.7102861     -7.3789318      0.4250040      0.0403444      0.1077611      0.1054913      0.5359913      0.2886780      0.7212496      0.0057455      0.0167815      0.0127444      0.4330000      0.0140000      0.0594600      0.0005900      4.2998000      0.0860000   5123.0000000     87.0000000      0.7821000      0.0258000      0.3800670      0.0107080     -0.2800000   -999.0000000      2.0000000
