     0.7567612      0.0477707      0.2513487     10.1552432      7.1498597      2.0081172      3.6783980     -6.7652786      0.9995565      0.0200749      0.0587069      0.0630286      0.3193555      0.0379368      0.4950448      0.0032079      0.0058999      0.0168454      1.0300000      0.0070000      0.1392700      0.0004500     17.1834000      0.1059100   4696.0000000     18.0000000      0.7949000      0.0062000      0.2768570      0.0024720     -0.2700000   -999.0000000      2.0000000
     0.8190820     -0.0853122      0.2661364      9.9748876     10.3201131      2.0730882      3.7081756     -6.9392206      0.7145279      0.0257982      0.0563215      0.1065961      0.3714557      0.0753852      0.5574159      0.0048373      0.0151006      0.0159228      0.7130000      0.0060000      0.0966000      0.0004000     11.5675000      0.2313500   5113.0000000     33.0000000      0.7935000      0.0072000      0.3873880      0.0083860      0.0800000   -999.0000000      3.0000000
     0.8076470     -0.1302915      0.2720237      9.7749502      3.2163487      2.2742703      3.7059504     -5.9898171      2.1518956      0.0256519      0.0837791      0.1264848      0.3976354      0.0026886      0.7190737      0.0040190      0.0084791      0.0346394      2.1480000      0.0290000      0.3109400      0.0001600    102.3041000      1.1903300   5080.0000000     37.0000000      0.7350000      0.0050000      0.3306750      0.0038620     -0.1600000   -999.0000000      2.0000000
     0.4138720     -0.2144989      0.2565920      9.6155526      3.5889679      0.6512825      3.5560655     -7.2470133      1.0066208      0.0063315      0.0547969      0.2425883      0.5074073      0.0138246      1.0545842      0.0012982      0.0042225      0.0051142      1.0050000      0.0050000      0.2787600      0.0007700      5.6687900      0.0454000   3603.0000000     12.0000000      0.3863000      0.0021000      0.0227980      0.0002220     -0.3000000   -999.0000000      7.0000000
     0.7664954     -0.2059262      0.2509415     10.1107650      4.9820970      1.8770014      3.7125181     -6.2761772      1.4994929      0.0327132      0.0727943      0.0723030      0.1536291      0.0083874      0.4482332      0.0024708      0.0103833      0.0212281      1.5040000      0.0060000      0.2006200      0.0002300     52.8799000      0.6227400   5148.0000000     18.0000000      0.8051000      0.0035000      0.4105850      0.0049260     -0.4400000   -999.0000000      2.0000000
     0.7110387      0.3106607      0.2772628      9.8384783     11.3696897      2.2234038      3.6233995     -7.5172485      0.5390190      0.0127917      0.0987876      0.2015547      0.4626739      0.1817180      0.8239172      0.0030003      0.0057761      0.0078081      0.5860000      0.0220000      0.0877800      0.0009700      3.0277100      0.0316900   4034.0000000     76.0000000      0.7176000      0.0280000      0.1227960      0.0030030      0.3900000      0.0800000      7.0000000
     0.4959487      0.1427852      0.2940115      8.7453249      9.3147171      2.8722645      3.5613744     -7.9013609      0.4632369      0.0159093      0.1048439      0.3148782      0.7053683      0.3440615      1.0643377      0.0046054      0.0048282      0.0100657      0.4540000      0.0190000      0.1078300      0.0028500      1.2537100      0.0111900   3676.0000000     77.0000000      0.4525000      0.0221000      0.0336960      0.0018060      0.1400000      0.0800000      7.0000000
     0.7697940      0.0417500      0.2714734     10.1100783      8.6744537      1.8751406      3.6822774     -6.9212823      0.8247246      0.0205606      0.0519153      0.0938664      0.3172634      0.0571678      0.6003290      0.0043787      0.0086067      0.0189971      0.8290000      0.0070000      0.1148400      0.0005000     12.0460000      0.1425900   4790.0000000     25.0000000      0.7759000      0.0073000      0.2854420      0.0041950      0.1400000   -999.0000000      2.0000000
     0.6165742      0.3667017      0.2539527      9.1597976      5.6702547      2.2536026      3.5825276     -7.1958315      0.9455258      0.0064329      0.0547313      0.2573633      0.4165637      0.0487419      0.8354794      0.0011674      0.0045857      0.0043048      0.9430000      0.0040000      0.1767700      0.0011800      6.3402100      0.0537100   3825.0000000     11.0000000      0.5735000      0.0044000      0.0634090      0.0010030      0.4900000   -999.0000000      7.0000000
     0.6260341      0.1263171      0.2685146      9.9006759     11.2413916      2.6243058      3.6007511     -7.6882384      0.4902851      0.0134113      0.0711133      0.2188684      0.5256536      0.1804171      0.9013772      0.0034745      0.0052215      0.0076711      0.5190000      0.0150000      0.0889700      0.0010200      2.0395100      0.0198000   3883.0000000     57.0000000      0.6266000      0.0193000      0.0805190      0.0020050      0.0500000   -999.0000000      7.0000000
     0.7359151     -0.3743322      0.2841473     10.1549968     16.4720704      1.8259069      3.7190191     -7.2927138      0.4520358      0.0489217      0.1260329      0.0904710      0.3087921      0.2793839      0.5696665      0.0047068      0.0254294      0.0093042      0.4650000      0.0040000      0.0596400      0.0005600      4.8194000      0.1445800   5087.0000000     44.0000000      0.8387000      0.0109000      0.4234280      0.0149860     -0.8300000   -999.0000000      2.0000000
     0.7726199     -0.1329179      0.2872360     10.1551201     12.4587513      1.8766521      3.7242365     -6.9331584      0.6169826      0.0650066      0.1111392      0.0885328      0.5058525      0.1293515      0.4618495      0.0103873      0.0352322      0.0263528      0.6740000      0.0140000      0.0800400      0.0003500     11.9156000      0.2383100   5298.0000000     61.0000000      0.9058000      0.0190000      0.5812500      0.0126880     -0.1100000      0.0300000      2.0000000
     0.5968089      0.0158166      0.3020981     10.0328981      6.0957291      2.8454002      3.5986704     -7.2151910      0.8558603      0.0124945      0.0691718      0.1964100      0.5457678      0.1127215      1.0531938      0.0028977      0.0051014      0.0116339      0.8710000      0.0150000      0.1621300      0.0023700      6.0882300      0.0590400   3940.0000000     35.0000000      0.5773000      0.0131000      0.0723810      0.0022290     -0.0400000   -999.0000000      7.0000000
     0.5888694      0.0144769      0.3263583      9.7084511      6.1640605      2.6948725      3.5980888     -7.2257930      0.8439934      0.0125205      0.0722122      0.3234602      0.5226355      0.1160715      0.9458258      0.0031625      0.0065283      0.0118088      0.8560000      0.0160000      0.1621300      0.0023700      5.9220000      0.0714100   3947.0000000     39.0000000      0.5673000      0.0137000      0.0704050      0.0022270     -0.0400000   -999.0000000      7.0000000
     0.7599571     -0.3391506      0.2499804      9.4795361      7.4850639      1.3503277      3.7045770     -6.7811538      0.8695538      0.0163233      0.0540797      0.2018607      0.3472944      0.0455955      0.7648348      0.0019295      0.0062594      0.0051771      0.8680000      0.0040000      0.1341400      0.0005100     16.5153000      0.1930700   5065.0000000     19.0000000      0.6954000      0.0041000      0.2868340      0.0040000     -0.4200000   -999.0000000      2.0000000
     0.6925783      0.2363306      0.3285599      9.4813145      4.8752538      2.7243267      3.6190309     -6.8252169      1.2260105      0.0144329      0.0643560      0.2243626      0.4488896      0.0189658      0.9165617      0.0014463      0.0039621      0.0082771      1.2250000      0.0080000      0.2052100      0.0005400     14.9496600      0.1221900   4159.0000000     16.0000000      0.6398000      0.0046000      0.1109420      0.0010780      0.2400000   -999.0000000      7.0000000
     0.4168681      0.4972263      0.2809947     10.1485782      4.4689243      2.4679983      3.5293687     -7.5088672      0.8379248      0.0083724      0.0219390      0.1936892      0.2892081      0.0935165      0.7643427      0.0011858      0.0064797      0.0055366      0.8740000      0.0050000      0.2046000      0.0028000      2.9402500      0.0353900   3279.0000000     14.0000000      0.4593000      0.0068000      0.0219500      0.0006560      0.1500000      0.0800000      7.0000000
     0.3857440     -0.0313450      0.3273901     10.1396201      6.6335022      2.8737906      3.5490553     -7.8587575      0.5153923      0.0091661      0.0907842      0.4013410      0.5827213      0.1102158      1.0891488      0.0024616      0.0069088      0.0071170      0.5670000      0.0150000      0.1501000      0.0017000      1.3742000      0.0163700   3366.0000000     46.0000000      0.4060000      0.0117000      0.0190610      0.0004880     -0.1900000   -999.0000000      4.0000000
     0.3991050     -0.2026700      0.2414747     10.1399902      2.5453679      0.8503955      3.5551153     -6.9644866      1.4089996      0.0058387      0.0341666      0.2331279      0.4694427      0.0059550      0.8796413      0.0013182      0.0049295      0.0094553      1.4320000      0.0130000      0.3926400      0.0006700     10.8213000      0.0956700   3548.0000000     18.0000000      0.3924000      0.0033000      0.0219360      0.0002080     -0.3800000   -999.0000000      7.0000000
     0.4062239     -0.2526974      0.2525698     10.1249885      4.8433777      2.8985854      3.5591444     -7.5096144      0.7381029      0.0069515      0.0647486      0.3302491      0.6073432      0.0326527      1.0500949      0.0028804      0.0077908      0.0100298      0.7640000      0.0170000      0.2062700      0.0010000      3.0865900      0.0422600   3550.0000000     41.0000000      0.3982000      0.0091000      0.0226710      0.0003800     -0.3700000   -999.0000000      7.0000000
     0.4518648      0.0812812      0.3404888     10.1391457     10.1121086      2.1181853      3.5515985     -8.0810510      0.3916588      0.0130363      0.0656603      0.2821883      0.6190270      0.3122592      0.9097208      0.0035035      0.0067145      0.0065587      0.4170000      0.0130000      0.0986100      0.0023300      0.8276600      0.0093200   3458.0000000     55.0000000      0.4546000      0.0182000      0.0265990      0.0012920      0.0100000   -999.0000000      7.0000000
     0.6957854     -0.4835063      0.2948875      9.6125190      9.1189547      1.7517190      3.6916206     -7.0558612      0.6721319      0.0087643      0.0193115      0.1183127      0.2265719      0.0479857      0.5858438      0.0023706      0.0045974      0.0063228      0.6790000      0.0070000      0.1099900      0.0004100      8.7658000      0.0600000   4888.0000000     27.0000000      0.6784200      0.0054800      0.2264370      0.0022920     -1.2600000   -999.0000000      3.0000000
     0.7750019     -0.1705724      0.2701841      9.8795482     11.0135085      1.9749641      3.6974441     -7.1089857      0.6168661      0.0246264      0.0694612      0.1868994      0.4226039      0.1418037      0.7823091      0.0028309      0.0079282      0.0073937      0.6220000      0.0060000      0.0903200      0.0007400      7.7674000      0.1142000   4955.0000000     30.0000000      0.7405000      0.0094000      0.2975560      0.0065510     -0.2400000   -999.0000000      2.0000000
     0.5117575      0.0062755      0.3032134      9.5116261      7.6886757      0.5999843      3.5754563     -7.6544949      0.5753388      0.0117220      0.1137810      0.3308045      0.5086314      0.0869008      1.1292175      0.0035994      0.0042219      0.0100255      0.5930000      0.0160000      0.1306200      0.0010500      2.2061400      0.0182200   3705.0000000     51.0000000      0.4882000      0.0315000      0.0404090      0.0007300     -0.0900000      0.0800000      7.0000000
     0.4795801     -0.1839349      0.3142788     10.1401297      5.3701517      2.8993118      3.5710852     -7.3947831      0.7903757      0.0076136      0.0408179      0.3239567      0.4491854      0.0451113      1.1018337      0.0016153      0.0070362      0.0072220      0.8350000      0.0140000      0.1854900      0.0011000      4.0127200      0.0525100   3626.0000000     33.0000000      0.4840000      0.0084000      0.0364470      0.0006440     -0.3100000   -999.0000000      7.0000000
     0.8571298     -0.1802041      0.2627856     10.0927714      7.5575828      2.0354317      3.7265793     -6.5925892      0.9784593      0.0545211      0.1488057      0.0735274      0.4808022      0.1036107      0.4564392      0.0051618      0.0275557      0.0217544      0.9730000      0.0090000      0.1323800      0.0008200     25.8044000      0.3077000   5349.0000000     29.0000000      0.7910000      0.0080000      0.4601620      0.0079120     -0.9200000   -999.0000000      2.0000000
     0.1226825     -0.0236866      0.2901748      8.8357054      1.2933432      2.8960916      3.4766920     -7.5118531      1.0659836      0.0014467      0.0731952      0.2617588      0.6166600      0.0057872      1.0899568      0.0027755      0.0118072      0.0159794      1.0110000      0.0520000      0.7716400      0.0026000      3.0602000      0.0612000   3079.0000000     81.0000000      0.1410000      0.0070000      0.0016060      0.0000340      0.0000000   -999.0000000      5.0000000
     0.8102195     -0.1030210      0.2674858     10.1096821      1.3384524      2.0002107      3.7168925     -5.0561213      5.9774411      0.0199966      0.0681171      0.0712021      0.1045858      0.0039004      0.4071511      0.0053098      0.0239924      0.1420990      6.0000000      0.0210000      0.7471000      0.0012000    865.4461100     17.3089000   5184.0000000     27.0000000      0.8671500      0.0028700      0.4845560      0.0098150      0.2100000   -999.0000000      3.0000000
     0.9291765     -0.1371827      0.2699389     10.1396980      6.7226540      1.7535840      3.7491484     -6.3468736      1.1659247      0.0787089      0.1049623      0.0709890      0.5943166      0.0545741      0.5003752      0.0142108      0.0724446      0.0541273      1.1960000      0.0140000      0.1489800      0.0004800     45.3513900      0.2972900   5555.0000000     34.0000000      0.8627000      0.0107000      0.6385520      0.0058700     -0.1600000   -999.0000000      2.0000000
     0.7607546      0.0048008      0.2812409      9.8241715      5.8860544      1.8229164      3.6711786     -6.6979565      1.1144194      0.0176235      0.0753106      0.1550678      0.4404679      0.0430141      0.7992790      0.0037840      0.0039300      0.0195830      1.1770000      0.0300000      0.1698500      0.0008200     20.0192000      0.1329000   4564.0000000     59.0000000      0.7390000      0.0190000      0.2168590      0.0025410     -0.0600000   -999.0000000      3.0000000
     0.3130386     -0.1185455      0.3234022      8.8499950      6.2583909      2.8120063      3.5389884     -8.0158394      0.4483209      0.0084850      0.0768069      0.2537951      0.5857773      0.0820031      0.9507639      0.0015905      0.0041439      0.0039394      0.4460000      0.0140000      0.1601200      0.0013300      0.9608500      0.0076700   3471.0000000     55.0000000      0.2990000      0.0100000      0.0117120      0.0002160     -0.1500000   -999.0000000      7.0000000
     0.7709423     -0.1156581      0.2742683     10.1549155     17.3653618      1.8647998      3.7269699     -7.1790095      0.4653684      0.0753741      0.1137162      0.0935868      0.4698077      0.2836607      0.4943752      0.0121847      0.0556192      0.0221755      0.4590000      0.0170000      0.0569100      0.0003400      6.7864900      0.1357300   5577.0000000    107.0000000      0.8668000      0.0324000      0.6548310      0.0152560      0.3300000   -999.0000000      2.0000000
     0.3341787     -0.2060369      0.3054462      9.8673747      6.5180043      2.7988617      3.5434802     -7.9641217      0.4669719      0.0073895      0.0955536      0.3711654      0.5354378      0.0600885      0.9805808      0.0025932      0.0066979      0.0061256      0.4750000      0.0130000      0.1534600      0.0009900      1.0874100      0.0120100   3469.0000000     48.0000000      0.3328000      0.0093000      0.0144300      0.0002450     -0.3500000      0.0800000      7.0000000
     0.7702910     -0.1275883      0.2714033     10.0651015      9.7459959      1.5615764      3.7190542     -6.8259372      0.7701057      0.0468243      0.1133688      0.0850219      0.5128623      0.0842131      0.4519575      0.0059035      0.0139106      0.0210808      0.7240000      0.0110000      0.1025500      0.0004000     14.8801000      0.0900000   5404.0000000     42.0000000      0.7591000      0.0122000      0.4421770      0.0043650      0.0400000   -999.0000000      3.0000000
     0.5361435      0.1956763      0.2909627     10.1387685     10.2946626      2.8993403      3.5678067     -7.8871595      0.4606230      0.0123550      0.0975254      0.2475716      0.5779491      0.2017167      1.1368410      0.0036629      0.0056020      0.0077541      0.4840000      0.0120000      0.0966700      0.0013900      1.2984000      0.0128600   3592.0000000     45.0000000      0.5387000      0.0157000      0.0434200      0.0013210      0.0300000      0.0800000      7.0000000
     0.6824606      0.1791772      0.3238493      9.7470846      7.7097340      2.2745289      3.6205758     -7.2259181      0.7673522      0.0139136      0.0637791      0.1637119      0.4868952      0.0572582      0.8221729      0.0020125      0.0035629      0.0063033      0.7680000      0.0070000      0.1298600      0.0007300      5.9265400      0.0446000   4168.0000000     21.0000000      0.6359000      0.0071000      0.1098280      0.0014860      0.1900000   -999.0000000      7.0000000
     0.8515500     -0.1690625      0.2732283     10.1089206     12.7656897      1.8825669      3.7211422     -7.0842963      0.5632437      0.0534758      0.1436804      0.0635763      0.5287577      0.0993983      0.4826167      0.0052452      0.0127209      0.0131863      0.5730000      0.0100000      0.0781100      0.0003000      8.2539000      0.1000000   5242.0000000     48.0000000      0.7891000      0.0144000      0.4227730      0.0060650     -0.5200000   -999.0000000      2.0000000
     0.4179709      0.1439304      0.3098904     10.1546984      4.5259110      2.8998833      3.5435286     -7.4702631      0.8215953      0.0071123      0.0617128      0.3267787      0.5400749      0.0258568      1.0931824      0.0022902      0.0050575      0.0093505      0.8590000      0.0140000      0.2208400      0.0009400      3.3631300      0.0283100   3421.0000000     29.0000000      0.4183000      0.0070000      0.0215500      0.0002580      0.0500000   -999.0000000      7.0000000
     0.8052962     -0.1268429      0.2859954      9.9779948      7.5295572      2.0490294      3.7151767     -6.6147805      1.0007549      0.0331607      0.0531555      0.0868094      0.3506988      0.0598621      0.5205661      0.0032138      0.0122549      0.0186547      1.0000000      0.0040000      0.1327600      0.0005000     24.2500000      0.2825400   5195.0000000     18.0000000      0.8101000      0.0045000      0.4299700      0.0059650     -0.1400000   -999.0000000      2.0000000
     0.1651424     -0.2599236      0.2840810      9.8853922      1.8248969      2.8705543      3.5102035     -7.4792038      0.9474755      0.0015041      0.0426802      0.3244460      0.5329712      0.0078552      1.0613987      0.0022700      0.0084988      0.0059759      0.9520000      0.0050000      0.5483100      0.0015100      3.2629200      0.0565900   3225.0000000     16.0000000      0.1869000      0.0012000      0.0033920      0.0000620     -0.4000000   -999.0000000      7.0000000
     0.8235690     -0.1296476      0.2763710      9.9893158      5.0927916      1.7974207      3.7212271     -6.2298150      1.5115513      0.0579053      0.0442987      0.0659688      0.4083599      0.0485027      0.4791411      0.0106478      0.0427273      0.0169485      1.5150000      0.0050000      0.1959600      0.0008700     64.3329600      1.8793900   5386.0000000     40.0000000      0.8310000      0.0044000      0.5235520      0.0159860     -0.0100000   -999.0000000      2.0000000
     0.7034147     -0.0160257      0.3212297     10.1246387      5.0925362      2.8989651      3.6512598     -6.7059615      1.2110525      0.0219736      0.0780454      0.2870922      0.6150130      0.0346526      1.0361137      0.0030035      0.0099262      0.0161373      1.2210000      0.0150000      0.1959600      0.0008700     19.4020000      0.4120000   4446.0000000     36.0000000      0.6697000      0.0089000      0.1578970      0.0036340     -0.1200000   -999.0000000      2.0000000
     0.7626209     -0.1687831      0.2655350     10.0633064     11.0007194      2.0202970      3.7036441     -7.0328791      0.6556015      0.0364628      0.0611864      0.0814348      0.3451379      0.0616918      0.5606712      0.0041763      0.0055696      0.0153825      0.6660000      0.0060000      0.0907100      0.0003000      9.2785000      0.0594400   5006.0000000     24.0000000      0.7897000      0.0077000      0.3523940      0.0032450     -0.3300000   -999.0000000      2.0000000
     0.8787003     -0.1597213      0.2645110     10.1099918      3.6521841      1.6795586      3.7316669     -5.9229171      2.0346838      0.0601540      0.1307654      0.0741916      0.5387466      0.0046610      0.5375581      0.0075258      0.0264006      0.0624719      2.0780000      0.0310000      0.2739600      0.0001700    119.8023000      1.3945000   5373.0000000     43.0000000      0.8153900      0.0121700      0.4988300      0.0058390     -0.6000000   -999.0000000      2.0000000
     0.3582611      0.0659706      0.2925844     10.0947448      3.5281923      2.8997205      3.5384101     -7.4039053      0.9112915      0.0062777      0.0429586      0.4416139      0.5034905      0.0287395      1.0660828      0.0016541      0.0056635      0.0072394      0.9370000      0.0080000      0.2830000      0.0016900      3.8975100      0.0449000   3398.0000000     17.0000000      0.3561000      0.0039000      0.0152080      0.0002520     -0.2300000   -999.0000000      7.0000000
     0.2684578      0.0586569      0.2766149     10.1248155      3.5122077      2.8496719      3.5264588     -7.6352780      0.7396562      0.0070716      0.0580760      0.2194371      0.4748701      0.0303597      1.0650567      0.0024318      0.0097296      0.0098361      0.8510000      0.0150000      0.2830000      0.0016900      2.2445300      0.0375400   3106.0000000     30.0000000      0.3232000      0.0061000      0.0087580      0.0001800     -0.3000000   -999.0000000      7.0000000
     0.4977168      0.2361946      0.3122619     10.1093796      5.8313423      0.8013534      3.5544614     -7.5191972      0.7391700      0.0095485      0.0649745      0.4057678      0.6089315      0.0507041      0.9358027      0.0021476      0.0038212      0.0074719      0.7470000      0.0080000      0.1703600      0.0010000      3.0174400      0.0229600   3570.0000000     20.0000000      0.4713000      0.0060000      0.0324910      0.0004550      0.1000000      0.0800000      7.0000000
     0.8817074     -0.1359466      0.2813887     10.1503030     10.0854290      1.4483272      3.7334805     -6.7851321      0.7497874      0.0581676      0.1064552      0.1532823      0.5775572      0.1480291      0.6273456      0.0100795      0.0450234      0.0337094      0.7630000      0.0210000      0.0993300      0.0005300     16.4083000      0.1966000   5394.0000000     76.0000000      0.8190000      0.0240000      0.5197140      0.0083390     -0.0400000   -999.0000000      2.0000000
     0.8491165     -0.1569170      0.2798155     10.0052946      5.7528214      1.8815085      3.7197259     -6.4001004      1.2648748      0.0463421      0.1170146      0.0862677      0.4854419      0.0106775      0.5185710      0.0038077      0.0089462      0.0216350      1.2540000      0.0120000      0.1737700      0.0001800     39.8109000      0.4271600   5251.0000000     29.0000000      0.7780000      0.0080000      0.4120160      0.0045020     -0.3100000   -999.0000000      2.0000000
     0.5492595      0.1136336      0.3214666     10.1555193      7.0198079      2.8486322      3.5775569     -7.4723375      0.7049049      0.0100900      0.0524770      0.2788607      0.4044150      0.0444129      1.0532093      0.0020481      0.0060828      0.0071040      0.7220000      0.0080000      0.1418700      0.0006400      3.3480900      0.0360300   3727.0000000     23.0000000      0.5472000      0.0067000      0.0519850      0.0007300     -0.0600000   -999.0000000      7.0000000
     0.6645773     -0.0028588      0.2749353     10.1553466      3.4904442      2.1749127      3.6361414     -6.4445365      1.7428646      0.0184370      0.0588979      0.1533627      0.2594399      0.0097007      0.8327132      0.0019921      0.0065405      0.0181334      1.7750000      0.0130000      0.2860400      0.0005600     35.4910000      0.4440000   4289.0000000     21.0000000      0.6611000      0.0048000      0.1355580      0.0017770     -0.1900000   -999.0000000      7.0000000
     0.5999563     -0.1809694      0.3399080      9.9442619      3.4895506      2.8713322      3.6123497     -6.6507660      1.5498979      0.0131408      0.0742155      0.2178969      0.4430923      0.0105032      0.9987665      0.0019359      0.0046039      0.0160504      1.5810000      0.0220000      0.2860400      0.0005600     22.2523800      0.1923500   4044.0000000     29.0000000      0.6010000      0.0072000      0.0849930      0.0008070     -0.2200000   -999.0000000      7.0000000
     0.7364613      0.0374520      0.2918152     10.1570217      3.6234348      2.2239973      3.6648478     -6.2826056      1.8525859      0.0244324      0.0665821      0.1834797      0.2250160      0.0050825      0.7619741      0.0027968      0.0111901      0.0234082      1.8810000      0.0170000      0.2760600      0.0002800     51.4025000      1.0280000   4570.0000000     31.0000000      0.7320000      0.0060000      0.2107840      0.0042370     -0.0700000   -999.0000000      3.0000000
     0.5903549      0.2245519      0.2870050     10.0791295     10.1943168      2.8221856      3.5814140     -7.7465106      0.5042599      0.0144026      0.0939415      0.2032097      0.5929006      0.2382681      1.0263569      0.0034708      0.0041585      0.0085274      0.5320000      0.0140000      0.0976100      0.0015300      1.7910800      0.0148100   3713.0000000     49.0000000      0.5863000      0.0179000      0.0587470      0.0019050      0.1700000      0.0800000      7.0000000
     0.3463334      0.4947307      0.2719123      9.9762276      4.6691728      2.1000793      3.5194355     -7.7146535      0.6950493      0.0081979      0.0308526      0.2124237      0.3588557      0.0683428      0.8151409      0.0011093      0.0048070      0.0048501      0.7460000      0.0090000      0.2132800      0.0021200      1.9156600      0.0151700   3189.0000000     20.0000000      0.3761000      0.0059000      0.0131610      0.0002820      0.1700000      0.0800000      7.0000000
     0.5770084      0.2791973      0.2605091      9.9915964      6.8359471      2.9000635      3.5714764     -7.4485658      0.7404399      0.0089669      0.0484063      0.1729138      0.4420398      0.0613245      1.0203666      0.0013841      0.0039460      0.0043171      0.7440000      0.0040000      0.1460900      0.0010000      3.5448500      0.0271500   3724.0000000     12.0000000      0.5477000      0.0048000      0.0519060      0.0008140      0.2100000   -999.0000000      7.0000000
     0.4960599     -0.0014748      0.3141259      8.8504640      3.2760484      2.8469539      3.5694417     -6.9621169      1.3156197      0.0076031      0.0653534      0.3138248      0.5789060      0.0103643      1.0267917      0.0027015      0.0085840      0.0179498      1.3040000      0.0320000      0.3052600      0.0007000     10.8945000      0.1680200   3724.0000000     48.0000000      0.4712000      0.0086000      0.0365370      0.0005880     -0.0600000   -999.0000000      7.0000000
     0.7613826      0.0075897      0.2694477     10.1245586      6.5489200      1.7219082      3.6805734     -6.6817370      1.0942408      0.0232418      0.0504610      0.0706441      0.4126208      0.0195141      0.4396625      0.0056985      0.0061576      0.0312619      1.1060000      0.0070000      0.1527600      0.0002900     20.8979400      0.1220800   4759.0000000     17.0000000      0.7784000      0.0053000      0.2798630      0.0019500     -0.0500000   -999.0000000      2.0000000
     0.4136988      0.3264329      0.3747371     10.1396026      6.1133528      0.6524361      3.5344111     -7.7924111      0.5917248      0.0103592      0.0802692      0.3421528      0.4975248      0.0906504      1.0738519      0.0028829      0.0122559      0.0086906      0.6230000      0.0100000      0.1617600      0.0016600      1.5921600      0.0332500   3332.0000000     32.0000000      0.4139000      0.0076000      0.0190150      0.0005570      0.0300000      0.0800000      7.0000000
     0.1552663      0.4089866      0.3163499      9.7195759      3.1463407      1.6249855      3.4761359     -8.1152435      0.5356122      0.0022991      0.0111358      0.1731791      0.4827146      0.0100816      0.7415497      0.0011090      0.0119156      0.0051138      0.6080000      0.0080000      0.3167000      0.0007000      0.7589300      0.0118200   2802.0000000     21.0000000      0.2070000      0.0029000      0.0023650      0.0000380      0.2300000      0.0800000      7.0000000
     0.7708301     -0.1675058      0.3197764     10.1100778     16.6055654      2.1480782      3.7134720     -7.3679458      0.4235394      0.0403444      0.1077611      0.1054913      0.5643723      0.2886780      0.7212496      0.0057455      0.0167815      0.0127444      0.4330000      0.0140000      0.0594600      0.0005900      4.2998000      0.0860000   5123.0000000     87.0000000      0.7821000      0.0258000      0.3800670      0.0107080     -0.2800000   -999.0000000      2.0000000
