     0.7575452      0.0440350      0.2571048     10.1149705      7.1539487      1.8904449      3.6784603     -6.7662407      0.9970618      0.0200749      0.0587069      0.0630286      0.3193555      0.0379368      0.4950448      0.0032079      0.0058999      0.0168454      1.0300000      0.0070000      0.1392700      0.0004500     17.1834000      0.1059100   4696.0000000     18.0000000      0.7949000      0.0062000      0.2768570      0.0024720     -0.2700000   -999.0000000      2.0000000
     0.8103351     -0.0790643      0.2445772      9.8877607     10.3246408      2.0045499      3.7078110     -6.9439949      0.7104286      0.0257982      0.0563215      0.1065961      0.3714557      0.0753852      0.5574159      0.0048373      0.0151006      0.0159228      0.7130000      0.0060000      0.0966000      0.0004000     11.5675000      0.2313500   5113.0000000     33.0000000      0.7935000      0.0072000      0.3873880      0.0083860      0.0800000   -999.0000000      3.0000000
     0.7955454     -0.1519958      0.2648362      9.5760231      3.2160116      2.0157419      3.7045836     -5.9918400      2.1550197      0.0256519      0.0837791      0.1264848      0.3976354      0.0026886      0.7190737      0.0040190      0.0084791      0.0346394      2.1480000      0.0290000      0.3109400      0.0001600    102.3041000      1.1903300   5080.0000000     37.0000000      0.7350000      0.0050000      0.3306750      0.0038620     -0.1600000   -999.0000000      2.0000000
     0.4115569     -0.2159063      0.2499806      9.5229896      3.5876864      1.6683773      3.5565654     -7.2459053      1.0046360      0.0063315      0.0547969      0.2425883      0.5074073      0.0138246      0.8695005      0.0012982      0.0042225      0.0051142      1.0050000      0.0050000      0.2787600      0.0007700      5.6687900      0.0454000   3603.0000000     12.0000000      0.3863000      0.0021000      0.0227980      0.0002220     -0.3000000   -999.0000000      7.0000000
     0.7674778     -0.2340072      0.2462105     10.0665319      4.9819549      1.8432577      3.7121445     -6.2780402      1.4964842      0.0336610      0.0733036      0.0722977      0.1659959      0.0083659      0.4466444      0.0024878      0.0104415      0.0220293      1.5040000      0.0060000      0.2006200      0.0002300     52.8799000      0.6227400   5148.0000000     18.0000000      0.8051000      0.0035000      0.4105850      0.0049260     -0.4400000   -999.0000000      2.0000000
     0.7058165      0.3204398      0.2683188      9.4727494     11.3531718      1.8518161      3.6235315     -7.5178859      0.5391452      0.0127917      0.0987876      0.2015547      0.4626739      0.1817180      0.8239172      0.0030003      0.0057761      0.0078081      0.5860000      0.0220000      0.0877800      0.0009700      3.0277100      0.0316900   4034.0000000     76.0000000      0.7176000      0.0280000      0.1227960      0.0030030      0.3900000      0.0800000      7.0000000
     0.4947655      0.1264190      0.2778059      9.4006235      9.3044340      1.8454229      3.5605219     -7.9015359      0.4639723      0.0159093      0.1048439      0.3148782      0.5522149      0.3440615      0.9342577      0.0046054      0.0048282      0.0100657      0.4540000      0.0190000      0.1078300      0.0028500      1.2537100      0.0111900   3676.0000000     77.0000000      0.4525000      0.0221000      0.0336960      0.0018060      0.1400000      0.0800000      7.0000000
     0.7687588      0.0384904      0.2664951     10.0621639      8.6763599      1.8971338      3.6820163     -6.9211031      0.8216800      0.0208586      0.0522407      0.0930852      0.3192100      0.0571616      0.5972869      0.0043650      0.0086082      0.0194099      0.8290000      0.0070000      0.1148400      0.0005000     12.0460000      0.1425900   4790.0000000     25.0000000      0.7759000      0.0073000      0.2854420      0.0041950      0.1400000   -999.0000000      2.0000000
     0.6160384      0.3800078      0.2545862      9.1944304      5.6766891      1.7769572      3.5821958     -7.1972147      0.9446463      0.0064329      0.0547313      0.2573633      0.4165637      0.0487419      0.8354794      0.0011674      0.0045857      0.0043048      0.9430000      0.0040000      0.1767700      0.0011800      6.3402100      0.0537100   3825.0000000     11.0000000      0.5735000      0.0044000      0.0634090      0.0010030      0.4900000   -999.0000000      7.0000000
     0.6195377      0.1098691      0.2691460      9.6631222     11.1660264      1.8863896      3.6013243     -7.6893498      0.4903572      0.0134113      0.0711133      0.2188684      0.5256536      0.1804171      0.9013772      0.0034745      0.0052215      0.0076711      0.5190000      0.0150000      0.0889700      0.0010200      2.0395100      0.0198000   3883.0000000     57.0000000      0.6266000      0.0193000      0.0805190      0.0020050      0.0500000   -999.0000000      7.0000000
     0.7444742     -0.3585742      0.2772902     10.1094942     16.3900912      1.8491033      3.7172317     -7.3041622      0.4496290      0.0489217      0.1260329      0.0904710      0.3087921      0.2793839      0.5696665      0.0047068      0.0254294      0.0093042      0.4650000      0.0040000      0.0596400      0.0005600      4.8194000      0.1445800   5087.0000000     44.0000000      0.8387000      0.0109000      0.4234280      0.0149860     -0.8300000   -999.0000000      2.0000000
     0.8191673     -0.1477823      0.2729166     10.0536432     12.4369351      1.8367887      3.7268019     -6.9455387      0.6339432      0.0650066      0.1111392      0.0885328      0.5058525      0.1293515      0.4618495      0.0103873      0.0352322      0.0263528      0.6740000      0.0140000      0.0800400      0.0003500     11.9156000      0.2383100   5298.0000000     61.0000000      0.9058000      0.0190000      0.5812500      0.0126880     -0.1100000      0.0300000      2.0000000
     0.5941130      0.0157328      0.2802811      9.5395601      6.1172293      1.8566980      3.5986480     -7.2146134      0.8580743      0.0124945      0.0691718      0.1964100      0.5231343      0.1127215      0.9291514      0.0028977      0.0051014      0.0116339      0.8710000      0.0150000      0.1621300      0.0023700      6.0882300      0.0590400   3940.0000000     35.0000000      0.5773000      0.0131000      0.0723810      0.0022290     -0.0400000   -999.0000000      7.0000000
     0.5888520     -0.0037471      0.2928633      9.5322229      6.1381115      1.8453080      3.5983093     -7.2261257      0.8477846      0.0125544      0.0726711      0.3225646      0.5216229      0.1170667      0.9290453      0.0031585      0.0065704      0.0118970      0.8560000      0.0160000      0.1621300      0.0023700      5.9220000      0.0714100   3947.0000000     39.0000000      0.5673000      0.0137000      0.0704050      0.0022270     -0.0400000   -999.0000000      7.0000000
     0.7530900     -0.3522244      0.2278231      9.3586838      7.4636841      1.7261431      3.7041298     -6.7824319      0.8684443      0.0163233      0.0540797      0.2018607      0.3472944      0.0455955      0.7648348      0.0019295      0.0062594      0.0051771      0.8680000      0.0040000      0.1341400      0.0005100     16.5153000      0.1930700   5065.0000000     19.0000000      0.6954000      0.0041000      0.2868340      0.0040000     -0.4200000   -999.0000000      2.0000000
     0.6855141      0.2320555      0.2837539      9.5068559      4.8731114      1.8624789      3.6191132     -6.8250176      1.2234427      0.0144329      0.0643560      0.2243626      0.4488896      0.0189658      0.8608309      0.0014463      0.0039621      0.0082771      1.2250000      0.0080000      0.2052100      0.0005400     14.9496600      0.1221900   4159.0000000     16.0000000      0.6398000      0.0046000      0.1109420      0.0010780      0.2400000   -999.0000000      7.0000000
     0.4145202      0.4797974      0.2744691      9.9467826      4.4888733      1.8706394      3.5291434     -7.5125369      0.8383839      0.0083724      0.0203189      0.1936892      0.2853851      0.0935165      0.7643427      0.0011858      0.0064797      0.0055366      0.8740000      0.0050000      0.2046000      0.0028000      2.9402500      0.0353900   3279.0000000     14.0000000      0.4593000      0.0068000      0.0219500      0.0006560      0.1500000      0.0800000      7.0000000
     0.3849435     -0.0667307      0.2699715      9.6380548      6.6079632      1.8763259      3.5479247     -7.8599322      0.5154695      0.0092084      0.0912786      0.3984039      0.5267380      0.1102158      0.9113613      0.0024673      0.0069473      0.0071558      0.5670000      0.0150000      0.1501000      0.0017000      1.3742000      0.0163700   3366.0000000     46.0000000      0.4060000      0.0117000      0.0190610      0.0004880     -0.1900000   -999.0000000      4.0000000
     0.4030115     -0.2002686      0.2458499      9.8595914      2.5455868      1.7077320      3.5544330     -6.9641165      1.4043397      0.0058387      0.0341666      0.2331279      0.4640354      0.0059550      0.8796413      0.0013182      0.0049295      0.0094553      1.4320000      0.0130000      0.3926400      0.0006700     10.8213000      0.0956700   3548.0000000     18.0000000      0.3924000      0.0033000      0.0219360      0.0002080     -0.3800000   -999.0000000      7.0000000
     0.4050821     -0.2724732      0.2618375      9.6065787      4.8434404      1.9520678      3.5586413     -7.5095397      0.7358304      0.0069645      0.0647857      0.3289224      0.5372652      0.0327049      0.9090575      0.0028924      0.0078391      0.0102992      0.7640000      0.0170000      0.2062700      0.0010000      3.0865900      0.0422600   3550.0000000     41.0000000      0.3982000      0.0091000      0.0226710      0.0003800     -0.3700000   -999.0000000      7.0000000
     0.4465850      0.0745670      0.2926389      9.5788829      9.9830139      1.8983307      3.5522240     -8.0805849      0.3918536      0.0130363      0.0656603      0.2821883      0.5633103      0.3122592      0.9097208      0.0035035      0.0067145      0.0065587      0.4170000      0.0130000      0.0986100      0.0023300      0.8276600      0.0093200   3458.0000000     55.0000000      0.4546000      0.0182000      0.0265990      0.0012920      0.0100000   -999.0000000      7.0000000
     0.6950369     -0.4793879      0.2901799      9.5684419      9.1040936      1.6386525      3.6913490     -7.0566070      0.6720098      0.0087643      0.0193115      0.1183127      0.2265719      0.0479857      0.5858438      0.0023706      0.0045974      0.0063228      0.6790000      0.0070000      0.1099900      0.0004100      8.7658000      0.0600000   4888.0000000     27.0000000      0.6784200      0.0054800      0.2264370      0.0022920     -1.2600000   -999.0000000      3.0000000
     0.7710874     -0.1782599      0.2611196      9.6732937     11.0136282      1.8791189      3.6969178     -7.1092678      0.6168060      0.0246264      0.0694612      0.1868994      0.4226039      0.1418037      0.7823091      0.0028309      0.0079282      0.0073937      0.6220000      0.0060000      0.0903200      0.0007400      7.7674000      0.1142000   4955.0000000     30.0000000      0.7405000      0.0094000      0.2975560      0.0065510     -0.2400000   -999.0000000      2.0000000
     0.5089251     -0.0311932      0.2702205      9.4742685      7.6438255      1.8299184      3.5730449     -7.6552423      0.5814034      0.0117220      0.1137810      0.3308045      0.5086314      0.0869008      0.9190531      0.0035994      0.0042219      0.0100255      0.5930000      0.0160000      0.1306200      0.0010500      2.2061400      0.0182200   3705.0000000     51.0000000      0.4882000      0.0315000      0.0404090      0.0007300     -0.0900000      0.0800000      7.0000000
     0.4785978     -0.1905899      0.2617223      9.8446911      5.3695194      1.8668142      3.5713557     -7.3939748      0.7913470      0.0076136      0.0408179      0.3239567      0.4298463      0.0451113      0.9142060      0.0016153      0.0070362      0.0072220      0.8350000      0.0140000      0.1854900      0.0011000      4.0127200      0.0525100   3626.0000000     33.0000000      0.4840000      0.0084000      0.0364470      0.0006440     -0.3100000   -999.0000000      7.0000000
     0.8234199     -0.1953363      0.2554035      9.7054492      7.5377351      1.9587981      3.7242632     -6.5966826      0.9760613      0.0546398      0.1493751      0.0731884      0.4720731      0.1027008      0.4564392      0.0051808      0.0276465      0.0221263      0.9730000      0.0090000      0.1323800      0.0008200     25.8044000      0.3077000   5349.0000000     29.0000000      0.7910000      0.0080000      0.4601620      0.0079120     -0.9200000   -999.0000000      2.0000000
     0.1218386      0.0012192      0.2741356      9.4788160      1.2959431      1.8510009      3.4777931     -7.5123348      1.0629534      0.0014467      0.0731952      0.2617588      0.5643615      0.0057872      0.8912143      0.0027755      0.0118072      0.0159794      1.0110000      0.0520000      0.7716400      0.0026000      3.0602000      0.0612000   3079.0000000     81.0000000      0.1410000      0.0070000      0.0016060      0.0000340      0.0000000   -999.0000000      5.0000000
     0.8073836     -0.1028736      0.2579934     10.0844436      1.3385322      1.9549617      3.7167440     -5.0622955      5.9198273      0.0199966      0.0681171      0.0712021      0.1045858      0.0039004      0.4071511      0.0053098      0.0239924      0.1420990      6.0000000      0.0210000      0.7471000      0.0012000    865.4461100     17.3089000   5184.0000000     27.0000000      0.8671500      0.0028700      0.4845560      0.0098150      0.2100000   -999.0000000      3.0000000
     0.8803592     -0.1512119      0.2787265      9.6656019      6.7152712      1.8104369      3.7374681     -6.3578501      1.1732195      0.0783279      0.1057028      0.0706787      0.5599832      0.0545144      0.5003752      0.0142143      0.0714198      0.0547577      1.1960000      0.0140000      0.1489800      0.0004800     45.3513900      0.2972900   5555.0000000     34.0000000      0.8627000      0.0107000      0.6385520      0.0058700     -0.1600000   -999.0000000      2.0000000
     0.7512760     -0.0117709      0.2795866      9.5954229      5.8735667      1.8556192      3.6713260     -6.6982021      1.1128193      0.0176235      0.0753106      0.1550678      0.4404679      0.0430141      0.7992790      0.0037840      0.0039300      0.0195830      1.1770000      0.0300000      0.1698500      0.0008200     20.0192000      0.1329000   4564.0000000     59.0000000      0.7390000      0.0190000      0.2168590      0.0025410     -0.0600000   -999.0000000      3.0000000
     0.3115295     -0.1166013      0.2974564      9.4015203      6.2522553      1.9000775      3.5386507     -8.0168765      0.4491948      0.0086191      0.0777747      0.2519016      0.5421625      0.0818556      0.8851355      0.0016056      0.0041849      0.0039929      0.4460000      0.0140000      0.1601200      0.0013300      0.9608500      0.0076700   3471.0000000     55.0000000      0.2990000      0.0100000      0.0117120      0.0002160     -0.1500000   -999.0000000      7.0000000
     0.8474589     -0.1327686      0.2657473      9.9017724     17.4283772      1.8800629      3.7333096     -7.1963690      0.4607990      0.0737863      0.1137162      0.0935868      0.4698077      0.2836607      0.4943752      0.0121847      0.0556192      0.0221755      0.4590000      0.0170000      0.0569100      0.0003400      6.7864900      0.1357300   5577.0000000    107.0000000      0.8668000      0.0324000      0.6548310      0.0152560      0.3300000   -999.0000000      2.0000000
     0.3377006     -0.2156835      0.2774858      9.4975007      6.5137712      2.0331905      3.5442309     -7.9629652      0.4654746      0.0074234      0.0968546      0.3697794      0.5318499      0.0599313      0.9215008      0.0026094      0.0068010      0.0062864      0.4750000      0.0130000      0.1534600      0.0009900      1.0874100      0.0120100   3469.0000000     48.0000000      0.3328000      0.0093000      0.0144300      0.0002450     -0.3500000      0.0800000      7.0000000
     0.8103883     -0.1601538      0.2757371      9.9108101      9.7493634      1.7153137      3.7195389     -6.8299674      0.7595881      0.0468243      0.1133688      0.0850219      0.5128623      0.0842131      0.4519575      0.0059035      0.0139106      0.0210808      0.7240000      0.0110000      0.1025500      0.0004000     14.8801000      0.0900000   5404.0000000     42.0000000      0.7591000      0.0122000      0.4421770      0.0043650      0.0400000   -999.0000000      3.0000000
     0.5344858      0.1802509      0.2599845      9.6829240     10.2637769      1.7687146      3.5670191     -7.8863275      0.4587409      0.0123550      0.0975254      0.2475716      0.5304544      0.2017167      0.8676020      0.0036629      0.0056020      0.0077541      0.4840000      0.0120000      0.0966700      0.0013900      1.2984000      0.0128600   3592.0000000     45.0000000      0.5387000      0.0157000      0.0434200      0.0013210      0.0300000      0.0800000      7.0000000
     0.6774283      0.1754779      0.2796620      9.4871642      7.7058223      1.9604849      3.6202547     -7.2264500      0.7671532      0.0139136      0.0637791      0.1637119      0.4868952      0.0572582      0.8221729      0.0020125      0.0035629      0.0063033      0.7680000      0.0070000      0.1298600      0.0007300      5.9265400      0.0446000   4168.0000000     21.0000000      0.6359000      0.0071000      0.1098280      0.0014860      0.1900000   -999.0000000      7.0000000
     0.7953164     -0.1969841      0.2676970      9.8469502     12.7754961      1.9152236      3.7194344     -7.0875134      0.5667085      0.0534758      0.1436804      0.0635763      0.5219200      0.0993983      0.4826167      0.0052452      0.0127209      0.0131863      0.5730000      0.0100000      0.0781100      0.0003000      8.2539000      0.1000000   5242.0000000     48.0000000      0.7891000      0.0144000      0.4227730      0.0060650     -0.5200000   -999.0000000      2.0000000
     0.4214246      0.1648917      0.2639713      9.7517305      4.5237032      1.8284604      3.5430104     -7.4720251      0.8242936      0.0071123      0.0617128      0.3267787      0.5058543      0.0258568      0.9346732      0.0022902      0.0050575      0.0093505      0.8590000      0.0140000      0.2208400      0.0009400      3.3631300      0.0283100   3421.0000000     29.0000000      0.4183000      0.0070000      0.0215500      0.0002580      0.0500000   -999.0000000      7.0000000
     0.8079062     -0.1331333      0.2793984      9.9257087      7.5181914      1.9207922      3.7150839     -6.6194233      0.9959934      0.0331607      0.0531555      0.0868094      0.3506988      0.0598621      0.5205661      0.0032138      0.0122549      0.0186547      1.0000000      0.0040000      0.1327600      0.0005000     24.2500000      0.2825400   5195.0000000     18.0000000      0.8101000      0.0045000      0.4299700      0.0059650     -0.1400000   -999.0000000      2.0000000
     0.1654009     -0.2556299      0.2547362      9.4780352      1.8241166      1.7454951      3.5100547     -7.4817202      0.9480784      0.0015148      0.0428136      0.3231668      0.5320051      0.0078435      0.8876837      0.0022878      0.0085097      0.0060230      0.9520000      0.0050000      0.5483100      0.0015100      3.2629200      0.0565900   3225.0000000     16.0000000      0.1869000      0.0012000      0.0033920      0.0000620     -0.4000000   -999.0000000      7.0000000
     0.8401071     -0.1376246      0.2623054      9.8370959      5.0873192      1.8365271      3.7250481     -6.2185348      1.5074208      0.0579053      0.0442987      0.0659688      0.4083599      0.0485027      0.4791411      0.0106478      0.0427273      0.0169485      1.5150000      0.0050000      0.1959600      0.0008700     64.3329600      1.8793900   5386.0000000     40.0000000      0.8310000      0.0044000      0.5235520      0.0159860     -0.0100000   -999.0000000      2.0000000
     0.6962500     -0.0536370      0.2867496      9.6641864      5.0933017      1.9565642      3.6505952     -6.7116744      1.2078850      0.0219736      0.0780454      0.2870922      0.5377218      0.0346526      0.8930569      0.0030035      0.0099262      0.0161373      1.2210000      0.0150000      0.1959600      0.0008700     19.4020000      0.4120000   4446.0000000     36.0000000      0.6697000      0.0089000      0.1578970      0.0036340     -0.1200000   -999.0000000      2.0000000
     0.7684766     -0.1775187      0.2599841      9.9601930     11.0073990      1.8123963      3.7036678     -7.0340360      0.6513870      0.0364628      0.0611864      0.0814348      0.3451379      0.0616918      0.5606712      0.0041763      0.0055696      0.0153825      0.6660000      0.0060000      0.0907100      0.0003000      9.2785000      0.0594400   5006.0000000     24.0000000      0.7897000      0.0077000      0.3523940      0.0032450     -0.3300000   -999.0000000      2.0000000
     0.8287781     -0.1809293      0.2644382      9.8289682      3.6510108      1.7934931      3.7267747     -5.9309117      2.0630143      0.0602500      0.1315059      0.0741687      0.5387466      0.0046328      0.5311616      0.0075657      0.0261205      0.0625628      2.0780000      0.0310000      0.2739600      0.0001700    119.8023000      1.3945000   5373.0000000     43.0000000      0.8153900      0.0121700      0.4988300      0.0058390     -0.6000000   -999.0000000      2.0000000
     0.3573214      0.0557092      0.2800724      9.6729320      3.5229511      1.7943614      3.5379973     -7.4030501      0.9138712      0.0063318      0.0429550      0.4374850      0.5018176      0.0286707      0.8807480      0.0016588      0.0056840      0.0072571      0.9370000      0.0080000      0.2830000      0.0016900      3.8975100      0.0449000   3398.0000000     17.0000000      0.3561000      0.0039000      0.0152080      0.0002520     -0.2300000   -999.0000000      7.0000000
     0.2693616      0.0542167      0.2685730      9.9416836      3.5126684      1.7119194      3.5261367     -7.6362485      0.7386533      0.0071149      0.0584119      0.2194371      0.4743766      0.0303250      0.9406720      0.0024287      0.0097202      0.0098079      0.8510000      0.0150000      0.2830000      0.0016900      2.2445300      0.0375400   3106.0000000     30.0000000      0.3232000      0.0061000      0.0087580      0.0001800     -0.3000000   -999.0000000      7.0000000
     0.4957998      0.2268281      0.2629850      9.5793995      5.8578162      1.8025804      3.5545007     -7.5196709      0.7398070      0.0095485      0.0649745      0.4057678      0.5658870      0.0507041      0.9315859      0.0021476      0.0038212      0.0074719      0.7470000      0.0080000      0.1703600      0.0010000      3.0174400      0.0229600   3570.0000000     20.0000000      0.4713000      0.0060000      0.0324910      0.0004550      0.1000000      0.0800000      7.0000000
     0.8495243     -0.1457817      0.2496457      9.6271731     10.0627282      1.7013049      3.7270801     -6.7947789      0.7536728      0.0581676      0.1064552      0.1532823      0.5579327      0.1480291      0.6273456      0.0100795      0.0450234      0.0337094      0.7630000      0.0210000      0.0993300      0.0005300     16.4083000      0.1966000   5394.0000000     76.0000000      0.8190000      0.0240000      0.5197140      0.0083390     -0.0400000   -999.0000000      2.0000000
     0.8236723     -0.1780746      0.2767970      9.7256295      5.7543235      1.8772829      3.7181584     -6.4033807      1.2582404      0.0463468      0.1169746      0.0859985      0.4856133      0.0105837      0.5166675      0.0038663      0.0089816      0.0216436      1.2540000      0.0120000      0.1737700      0.0001800     39.8109000      0.4271600   5251.0000000     29.0000000      0.7780000      0.0080000      0.4120160      0.0045020     -0.3100000   -999.0000000      2.0000000
     0.5539927      0.1164775      0.2973135      9.9004365      7.0252981      1.8283042      3.5775371     -7.4727478      0.7028355      0.0100900      0.0524770      0.2788607      0.3912288      0.0444129      0.9340799      0.0020481      0.0060828      0.0071040      0.7220000      0.0080000      0.1418700      0.0006400      3.3480900      0.0360300   3727.0000000     23.0000000      0.5472000      0.0067000      0.0519850      0.0007300     -0.0600000   -999.0000000      7.0000000
     0.6704115      0.0042132      0.2626009     10.0176181      3.4918860      1.9610567      3.6362400     -6.4478983      1.7445698      0.0184488      0.0592830      0.1515468      0.2590332      0.0096945      0.8301679      0.0019960      0.0065631      0.0181653      1.7750000      0.0130000      0.2860400      0.0005600     35.4910000      0.4440000   4289.0000000     21.0000000      0.6611000      0.0048000      0.1355580      0.0017770     -0.1900000   -999.0000000      7.0000000
     0.6005679     -0.1282939      0.3018979      9.7339752      3.4929222      1.8948768      3.6121015     -6.6517811      1.5426568      0.0131408      0.0742155      0.2178969      0.4430923      0.0105032      0.9032595      0.0019359      0.0046039      0.0160504      1.5810000      0.0220000      0.2860400      0.0005600     22.2523800      0.1923500   4044.0000000     29.0000000      0.6010000      0.0072000      0.0849930      0.0008070     -0.2200000   -999.0000000      7.0000000
     0.7323331      0.0432880      0.2792683     10.0297699      3.6225720      1.8816107      3.6640311     -6.2887260      1.8483055      0.0244324      0.0665821      0.1834797      0.2250160      0.0050825      0.7619741      0.0027968      0.0111901      0.0234082      1.8810000      0.0170000      0.2760600      0.0002800     51.4025000      1.0280000   4570.0000000     31.0000000      0.7320000      0.0060000      0.2107840      0.0042370     -0.0700000   -999.0000000      3.0000000
     0.5849855      0.2312313      0.2770208      9.5877496     10.1656515      1.8813706      3.5801371     -7.7461952      0.5063915      0.0144026      0.0939415      0.2032097      0.5469492      0.2382681      0.8705369      0.0034708      0.0041585      0.0085274      0.5320000      0.0140000      0.0976100      0.0015300      1.7910800      0.0148100   3713.0000000     49.0000000      0.5863000      0.0179000      0.0587470      0.0019050      0.1700000      0.0800000      7.0000000
     0.3422565      0.4751136      0.2623165      9.8884024      4.6227170      1.7411553      3.5194355     -7.7137201      0.6953308      0.0083371      0.0309473      0.2109185      0.3588557      0.0682214      0.8133729      0.0011169      0.0048389      0.0048704      0.7460000      0.0090000      0.2132800      0.0021200      1.9156600      0.0151700   3189.0000000     20.0000000      0.3761000      0.0059000      0.0131610      0.0002820      0.1700000      0.0800000      7.0000000
     0.5723998      0.2848893      0.2588677      9.7018120      6.8253881      1.8666809      3.5721241     -7.4489702      0.7403630      0.0089669      0.0484063      0.1729138      0.4420398      0.0613245      0.8798173      0.0013841      0.0039460      0.0043171      0.7440000      0.0040000      0.1460900      0.0010000      3.5448500      0.0271500   3724.0000000     12.0000000      0.5477000      0.0048000      0.0519060      0.0008140      0.2100000   -999.0000000      7.0000000
     0.4926922     -0.0424694      0.2694304      9.4352112      3.2759077      1.8771939      3.5696318     -6.9617637      1.3127708      0.0076031      0.0653534      0.3138248      0.5599040      0.0103643      0.9388655      0.0027015      0.0085840      0.0179498      1.3040000      0.0320000      0.3052600      0.0007000     10.8945000      0.1680200   3724.0000000     48.0000000      0.4712000      0.0086000      0.0365370      0.0005880     -0.0600000   -999.0000000      7.0000000
     0.7644819      0.0230159      0.2601342     10.0740190      6.5426601      1.8686040      3.6808949     -6.6818867      1.0861660      0.0232418      0.0504610      0.0706441      0.4126208      0.0195141      0.4396625      0.0056985      0.0061576      0.0312619      1.1060000      0.0070000      0.1527600      0.0002900     20.8979400      0.1220800   4759.0000000     17.0000000      0.7784000      0.0053000      0.2798630      0.0019500     -0.0500000   -999.0000000      2.0000000
     0.4078398      0.3086853      0.2806787      9.7648531      6.1358486      1.7605530      3.5342816     -7.7905764      0.5947758      0.0103592      0.0802692      0.3421528      0.4695834      0.0906504      0.9092540      0.0028829      0.0122559      0.0086906      0.6230000      0.0100000      0.1617600      0.0016600      1.5921600      0.0332500   3332.0000000     32.0000000      0.4139000      0.0076000      0.0190150      0.0005570      0.0300000      0.0800000      7.0000000
     0.1557083      0.4000306      0.2895474      9.5026840      3.1516133      1.8402129      3.4764162     -8.1122796      0.5352845      0.0023121      0.0112135      0.1729258      0.4799010      0.0100845      0.7392465      0.0011133      0.0120215      0.0051685      0.6080000      0.0080000      0.3167000      0.0007000      0.7589300      0.0118200   2802.0000000     21.0000000      0.2070000      0.0029000      0.0023650      0.0000380      0.2300000      0.0800000      7.0000000
     0.7877616     -0.1916620      0.2979340      9.6941042     16.6954842      1.9519914      3.7121045     -7.3723838      0.4241935      0.0403444      0.1077611      0.1054913      0.5359913      0.2886780      0.7212496      0.0057455      0.0167815      0.0127444      0.4330000      0.0140000      0.0594600      0.0005900      4.2998000      0.0860000   5123.0000000     87.0000000      0.7821000      0.0258000      0.3800670      0.0107080     -0.2800000   -999.0000000      2.0000000
