     0.7689980     -0.0127693      0.2587941     10.1235291      7.1640035      2.0766628      3.6902316     -6.7637073      0.9518686      0.0238995      0.1283332      0.0588354      0.4396831      0.0552964      0.3677517      0.0077600      0.0143999      0.0328174      1.0300000      0.0070000      0.1392700      0.0004500     17.1834000      0.1059100   4696.0000000     18.0000000      0.7949000      0.0062000      0.2768570      0.0024720     -0.2700000   -999.0000000      2.0000000
     0.7970755     -0.1208134      0.2755632     10.0037400     10.3325554      1.9044296      3.7060388     -6.9360494      0.6750610      0.0387522      0.1040600      0.0661596      0.4780041      0.1118844      0.5299912      0.0093647      0.0535039      0.0267003      0.7130000      0.0060000      0.0966000      0.0004000     11.5675000      0.2313500   5113.0000000     33.0000000      0.7935000      0.0072000      0.3873880      0.0083860      0.0800000   -999.0000000      3.0000000
     0.7751121     -0.1178213      0.2746481      9.9760546      3.2167689      2.1008145      3.7035807     -5.9911737      2.1438992      0.0335508      0.1071066      0.0725556      0.4409241      0.0033469      0.5038115      0.0065155      0.0240607      0.0536065      2.1480000      0.0290000      0.3109400      0.0001600    102.3041000      1.1903300   5080.0000000     37.0000000      0.7350000      0.0050000      0.3306750      0.0038620     -0.1600000   -999.0000000      2.0000000
     0.4141159     -0.0999017      0.2807744      9.5418853      3.5911244      1.5802244      3.5551384     -7.2462217      1.0078285      0.0059023      0.0716908      0.1095820      0.4638078      0.0154339      0.7403630      0.0012903      0.0049465      0.0058947      1.0050000      0.0050000      0.2787600      0.0007700      5.6687900      0.0454000   3603.0000000     12.0000000      0.3863000      0.0021000      0.0227980      0.0002220     -0.3000000   -999.0000000      7.0000000
     0.7870533     -0.1479276      0.2856698     10.0799674      4.9813422      1.6913234      3.7092531     -6.2742343      1.4857172      0.0454224      0.1075392      0.0446656      0.4921942      0.0160955      0.4359535      0.0103777      0.0560627      0.0535614      1.5040000      0.0060000      0.2006200      0.0002300     52.8799000      0.6227400   5148.0000000     18.0000000      0.8051000      0.0035000      0.4105850      0.0049260     -0.4400000   -999.0000000      2.0000000
     0.7010130      0.2827631      0.2968731      9.4911166     11.3626709      1.9907397      3.6254347     -7.5175431      0.5346763      0.0168066      0.1216920      0.0972459      0.4695757      0.2013206      0.5912071      0.0038087      0.0068368      0.0101440      0.5860000      0.0220000      0.0877800      0.0009700      3.0277100      0.0316900   4034.0000000     76.0000000      0.7176000      0.0280000      0.1227960      0.0030030      0.3900000      0.0800000      7.0000000
     0.4939232      0.1015935      0.2932150      9.5545956      9.1596867      2.0486337      3.5600507     -7.9000636      0.4653506      0.0153156      0.1164607      0.1045910      0.5082526      0.3270975      0.8121292      0.0052962      0.0054729      0.0118107      0.4540000      0.0190000      0.1078300      0.0028500      1.2537100      0.0111900   3676.0000000     77.0000000      0.4525000      0.0221000      0.0336960      0.0018060      0.1400000      0.0800000      7.0000000
     0.7777107     -0.0217554      0.2839304     10.1081329      8.7137764      1.7360628      3.6931059     -6.9162172      0.7853404      0.0292954      0.0965890      0.0562011      0.5158193      0.0754164      0.4604169      0.0076942      0.0210332      0.0204841      0.8290000      0.0070000      0.1148400      0.0005000     12.0460000      0.1425900   4790.0000000     25.0000000      0.7759000      0.0073000      0.2854420      0.0041950      0.1400000   -999.0000000      2.0000000
     0.6062232      0.3044791      0.2724364      9.6215010      5.6624972      1.6302057      3.5830128     -7.1949360      0.9385996      0.0115201      0.0761895      0.0709161      0.4323372      0.0520090      0.7156424      0.0020058      0.0058413      0.0068705      0.9430000      0.0040000      0.1767700      0.0011800      6.3402100      0.0537100   3825.0000000     11.0000000      0.5735000      0.0044000      0.0634090      0.0010030      0.4900000   -999.0000000      7.0000000
     0.6237661      0.1021588      0.2769257      9.5818750     11.2645540      2.0451791      3.6015785     -7.6875270      0.4901823      0.0170637      0.1347629      0.0889566      0.4343440      0.1926809      0.6645953      0.0048932      0.0059996      0.0106796      0.5190000      0.0150000      0.0889700      0.0010200      2.0395100      0.0198000   3883.0000000     57.0000000      0.6266000      0.0193000      0.0805190      0.0020050      0.0500000   -999.0000000      7.0000000
     0.7783403     -0.1592329      0.2860536     10.1106948     16.5734251      1.8265407      3.7150400     -7.2988399      0.4483865      0.0402070      0.1244937      0.0836418      0.4048372      0.4381778      0.4843294      0.0132098      0.0744337      0.0184616      0.4650000      0.0040000      0.0596400      0.0005600      4.8194000      0.1445800   5087.0000000     44.0000000      0.8387000      0.0109000      0.4234280      0.0149860     -0.8300000   -999.0000000      2.0000000
     0.8191203     -0.1462643      0.2822999     10.1246172     12.5118544      1.9245126      3.7158824     -6.9216759      0.6089155      0.0627943      0.1129833      0.0747533      0.5648440      0.1507114      0.5034972      0.0168050      0.1297465      0.0418696      0.6740000      0.0140000      0.0800400      0.0003500     11.9156000      0.2383100   5298.0000000     61.0000000      0.9058000      0.0190000      0.5812500      0.0126880     -0.1100000      0.0300000      2.0000000
     0.6018778      0.1012230      0.2785507     10.0862260      6.1868499      1.9994250      3.5975232     -7.2149814      0.8635660      0.0183967      0.1261926      0.1183715      0.5950242      0.1302657      0.6412152      0.0045773      0.0069000      0.0169131      0.8710000      0.0150000      0.1621300      0.0023700      6.0882300      0.0590400   3940.0000000     35.0000000      0.5773000      0.0131000      0.0723810      0.0022290     -0.0400000   -999.0000000      7.0000000
     0.5939238      0.0825881      0.2907502      9.5564030      6.1093599      1.9995117      3.5969430     -7.2265884      0.8637215      0.0191540      0.1416921      0.1153411      0.4870767      0.1295958      0.7200834      0.0048598      0.0077390      0.0168347      0.8560000      0.0160000      0.1621300      0.0023700      5.9220000      0.0714100   3947.0000000     39.0000000      0.5673000      0.0137000      0.0704050      0.0022270     -0.0400000   -999.0000000      7.0000000
     0.7567375     -0.3032278      0.2743960      9.3025448      7.4410737      1.8108586      3.7039744     -6.7848088      0.8719788      0.0139510      0.0801851      0.0808921      0.2794646      0.0505692      0.4447158      0.0053471      0.0161574      0.0099401      0.8680000      0.0040000      0.1341400      0.0005100     16.5153000      0.1930700   5065.0000000     19.0000000      0.6954000      0.0041000      0.2868340      0.0040000     -0.4200000   -999.0000000      2.0000000
     0.6793949      0.1787186      0.2635290      9.5725208      4.8725416      1.8018728      3.6209022     -6.8233414      1.2174494      0.0150237      0.0868957      0.0712524      0.3729800      0.0196877      0.6897399      0.0027858      0.0059780      0.0129793      1.2250000      0.0080000      0.2052100      0.0005400     14.9496600      0.1221900   4159.0000000     16.0000000      0.6398000      0.0046000      0.1109420      0.0010780      0.2400000   -999.0000000      7.0000000
     0.4367494      0.4868199      0.2759774      9.5019553      4.7440055      1.8982580      3.5340944     -7.4989999      0.8298478      0.0100458      0.0426476      0.1044176      0.3233506      0.1034602      0.5167120      0.0019109      0.0079848      0.0071805      0.8740000      0.0050000      0.2046000      0.0028000      2.9402500      0.0353900   3279.0000000     14.0000000      0.4593000      0.0068000      0.0219500      0.0006560      0.1500000      0.0800000      7.0000000
     0.3937784      0.0460667      0.2899030     10.0644638      6.7149650      1.8716334      3.5492235     -7.8621540      0.5232448      0.0110496      0.1564000      0.1432372      0.5511962      0.1042976      0.8446615      0.0050017      0.0079052      0.0129120      0.5670000      0.0150000      0.1501000      0.0017000      1.3742000      0.0163700   3366.0000000     46.0000000      0.4060000      0.0117000      0.0190610      0.0004880     -0.1900000   -999.0000000      4.0000000
     0.4127636     -0.0238693      0.2833076      9.2116654      2.5513579      2.0710129      3.5539586     -6.9612736      1.4050537      0.0073901      0.0998310      0.1224319      0.4770107      0.0067063      0.8273011      0.0028825      0.0055593      0.0174667      1.4320000      0.0130000      0.3926400      0.0006700     10.8213000      0.0956700   3548.0000000     18.0000000      0.3924000      0.0033000      0.0219360      0.0002080     -0.3800000   -999.0000000      7.0000000
     0.4129177     -0.1720901      0.3068726      9.4665825      4.8443033      1.5821978      3.5552979     -7.5031349      0.7477815      0.0087376      0.1158379      0.1724120      0.5143986      0.0368016      0.8003668      0.0030227      0.0088397      0.0104179      0.7640000      0.0170000      0.2062700      0.0010000      3.0865900      0.0422600   3550.0000000     41.0000000      0.3982000      0.0091000      0.0226710      0.0003800     -0.3700000   -999.0000000      7.0000000
     0.4541858      0.1314916      0.2927683      9.9741126     10.1034540      2.1746217      3.5535429     -8.0830273      0.3920009      0.0163911      0.1297016      0.1412838      0.5512913      0.3411168      0.7930474      0.0052817      0.0069391      0.0101369      0.4170000      0.0130000      0.0986100      0.0023300      0.8276600      0.0093200   3458.0000000     55.0000000      0.4546000      0.0182000      0.0265990      0.0012920      0.0100000   -999.0000000      7.0000000
     0.7187601     -0.3097447      0.2950774      9.2713499      9.0743999      1.9369559      3.6854559     -7.0562880      0.6929003      0.0187950      0.1298174      0.0553645      0.3569531      0.0669822      0.4298706      0.0064201      0.0081469      0.0150049      0.6790000      0.0070000      0.1099900      0.0004100      8.7658000      0.0600000   4888.0000000     27.0000000      0.6784200      0.0054800      0.2264370      0.0022920     -1.2600000   -999.0000000      3.0000000
     0.7717481     -0.1424063      0.2597297      9.9597086     11.0245651      1.9063243      3.6964783     -7.1088587      0.6143836      0.0306902      0.1098980      0.0831552      0.4199571      0.1647940      0.4908174      0.0063497      0.0185614      0.0140388      0.6220000      0.0060000      0.0903200      0.0007400      7.7674000      0.1142000   4955.0000000     30.0000000      0.7405000      0.0094000      0.2975560      0.0065510     -0.2400000   -999.0000000      2.0000000
     0.5091199      0.0173185      0.2715899      9.7350011      7.6689234      2.1765809      3.5711992     -7.6545147      0.5835274      0.0121098      0.1162277      0.0988568      0.5019086      0.0916384      0.6850951      0.0038894      0.0052351      0.0105298      0.5930000      0.0160000      0.1306200      0.0010500      2.2061400      0.0182200   3705.0000000     51.0000000      0.4882000      0.0315000      0.0404090      0.0007300     -0.0900000      0.0800000      7.0000000
     0.4933441      0.0161024      0.2692620     10.0797470      5.3866635      2.5223951      3.5673283     -7.3888761      0.7957273      0.0117362      0.1345435      0.1030271      0.5611391      0.0459208      0.8522850      0.0041908      0.0085907      0.0152086      0.8350000      0.0140000      0.1854900      0.0011000      4.0127200      0.0525100   3626.0000000     33.0000000      0.4840000      0.0084000      0.0364470      0.0006440     -0.3100000   -999.0000000      7.0000000
     0.7761394     -0.1504424      0.2565496      9.9305751      7.5158364      2.0402714      3.7147315     -6.6010381      0.9359636      0.0421703      0.1435461      0.0642594      0.4281453      0.1418861      0.4908634      0.0113121      0.0745806      0.0481397      0.9730000      0.0090000      0.1323800      0.0008200     25.8044000      0.3077000   5349.0000000     29.0000000      0.7910000      0.0080000      0.4601620      0.0079120     -0.9200000   -999.0000000      2.0000000
     0.1223454      0.0458280      0.2872990      9.5402470      1.2968733      1.9497238      3.4774618     -7.5106799      1.0773481      0.0019752      0.1260452      0.0976389      0.4341831      0.0066453      0.7141029      0.0044160      0.0149205      0.0249582      1.0110000      0.0520000      0.7716400      0.0026000      3.0602000      0.0612000   3079.0000000     81.0000000      0.1410000      0.0070000      0.0016060      0.0000340      0.0000000   -999.0000000      5.0000000
     0.8238159     -0.1533562      0.2777207     10.1389675      1.3382228      2.0372511      3.7226456     -5.0272238      5.8082421      0.0608680      0.1379458      0.0728922      0.5171307      0.0053592      0.4328150      0.0232269      0.1255738      0.3061066      6.0000000      0.0210000      0.7471000      0.0012000    865.4461100     17.3089000   5184.0000000     27.0000000      0.8671500      0.0028700      0.4845560      0.0098150      0.2100000   -999.0000000      3.0000000
     0.8210499     -0.1401336      0.2791210     10.1389053      6.7043134      1.8992203      3.7208143     -6.3465644      1.1753198      0.0686351      0.1465947      0.0880108      0.5397148      0.0711829      0.4570078      0.0179673      0.1341275      0.0854078      1.1960000      0.0140000      0.1489800      0.0004800     45.3513900      0.2972900   5555.0000000     34.0000000      0.8627000      0.0107000      0.6385520      0.0058700     -0.1600000   -999.0000000      2.0000000
     0.7546960      0.0104899      0.2770686      9.6188881      5.8841973      1.9792433      3.6724822     -6.7023942      1.1036182      0.0197814      0.1586022      0.0674780      0.4295623      0.0531587      0.5888876      0.0068681      0.0062220      0.0357489      1.1770000      0.0300000      0.1698500      0.0008200     20.0192000      0.1329000   4564.0000000     59.0000000      0.7390000      0.0190000      0.2168590      0.0025410     -0.0600000   -999.0000000      3.0000000
     0.3124114      0.0176580      0.2657099      9.3170475      6.2580864      1.8509585      3.5389067     -8.0169623      0.4494142      0.0096629      0.1329712      0.1114643      0.4736332      0.0797051      0.7713704      0.0039211      0.0045157      0.0088782      0.4460000      0.0140000      0.1601200      0.0013300      0.9608500      0.0076700   3471.0000000     55.0000000      0.2990000      0.0100000      0.0117120      0.0002160     -0.1500000   -999.0000000      7.0000000
     0.8339968     -0.1492530      0.2921139     10.1245193     17.6080578      1.8397341      3.7262138     -7.1836743      0.4404014      0.0662442      0.1072019      0.0526561      0.5776192      0.2832079      0.4698244      0.0195883      0.1428931      0.0321069      0.4590000      0.0170000      0.0569100      0.0003400      6.7864900      0.1357300   5577.0000000    107.0000000      0.8668000      0.0324000      0.6548310      0.0152560      0.3300000   -999.0000000      2.0000000
     0.3409365     -0.1364782      0.2639300      9.9290131      6.5267103      2.0485300      3.5436369     -7.9623941      0.4673083      0.0073054      0.1026737      0.1024470      0.5308315      0.0600974      0.7658340      0.0023601      0.0064305      0.0057806      0.4750000      0.0130000      0.1534600      0.0009900      1.0874100      0.0120100   3469.0000000     48.0000000      0.3328000      0.0093000      0.0144300      0.0002450     -0.3500000      0.0800000      7.0000000
     0.8252662     -0.1395492      0.2809670     10.1057263      9.7436826      2.0124011      3.7245002     -6.8282069      0.7431159      0.0463185      0.1063237      0.0592270      0.6107961      0.1083284      0.4489576      0.0102004      0.0591904      0.0267353      0.7240000      0.0110000      0.1025500      0.0004000     14.8801000      0.0900000   5404.0000000     42.0000000      0.7591000      0.0122000      0.4421770      0.0043650      0.0400000   -999.0000000      3.0000000
     0.5318574      0.0889824      0.2815845      9.4013705     10.2854441      2.1986816      3.5681811     -7.8839313      0.4500496      0.0130981      0.1066897      0.1002220      0.4815033      0.2150176      0.8010994      0.0041312      0.0062330      0.0091707      0.4840000      0.0120000      0.0966700      0.0013900      1.2984000      0.0128600   3592.0000000     45.0000000      0.5387000      0.0157000      0.0434200      0.0013210      0.0300000      0.0800000      7.0000000
     0.6726744      0.1551772      0.2705869      9.7798680      7.7076138      1.8696602      3.6204179     -7.2257345      0.7654920      0.0163172      0.1005694      0.0600931      0.4558020      0.0665895      0.5789090      0.0032229      0.0054974      0.0097669      0.7680000      0.0070000      0.1298600      0.0007300      5.9265400      0.0446000   4168.0000000     21.0000000      0.6359000      0.0071000      0.1098280      0.0014860      0.1900000   -999.0000000      7.0000000
     0.7994422     -0.1547279      0.2469862     10.0478281     12.7745028      1.9963572      3.7120035     -7.0894330      0.5664667      0.0383365      0.1114706      0.0476173      0.4355346      0.1465857      0.4605658      0.0093237      0.0529889      0.0221578      0.5730000      0.0100000      0.0781100      0.0003000      8.2539000      0.1000000   5242.0000000     48.0000000      0.7891000      0.0144000      0.4227730      0.0060650     -0.5200000   -999.0000000      2.0000000
     0.4269643      0.2001622      0.2722690      9.3756538      4.5323320      1.9231536      3.5424271     -7.4711533      0.8290450      0.0089730      0.1065212      0.1063502      0.5105195      0.0288814      0.7416907      0.0037170      0.0051794      0.0151004      0.8590000      0.0140000      0.2208400      0.0009400      3.3631300      0.0283100   3421.0000000     29.0000000      0.4183000      0.0070000      0.0215500      0.0002580      0.0500000   -999.0000000      7.0000000
     0.8061557     -0.1375419      0.2812732     10.1245131      7.5058436      1.9072862      3.7116961     -6.6172517      0.9923728      0.0394253      0.0905271      0.0637767      0.4195163      0.0670396      0.4794005      0.0094893      0.0566908      0.0360325      1.0000000      0.0040000      0.1327600      0.0005000     24.2500000      0.2825400   5195.0000000     18.0000000      0.8101000      0.0045000      0.4299700      0.0059650     -0.1400000   -999.0000000      2.0000000
     0.1661512     -0.1287358      0.2931754      9.5211262      1.8250927      1.8905529      3.5072431     -7.4874343      0.9546655      0.0017801      0.0879266      0.0916291      0.4326790      0.0074193      0.6309979      0.0019845      0.0095767      0.0077565      0.9520000      0.0050000      0.5483100      0.0015100      3.2629200      0.0565900   3225.0000000     16.0000000      0.1869000      0.0012000      0.0033920      0.0000620     -0.4000000   -999.0000000      7.0000000
     0.8200454     -0.1568903      0.2611959     10.1399977      5.0720622      2.0549091      3.7280049     -6.1965811      1.5125702      0.0610484      0.1949175      0.0580088      0.5530963      0.0542271      0.5732226      0.0282205      0.1357913      0.0685982      1.5150000      0.0050000      0.1959600      0.0008700     64.3329600      1.8793900   5386.0000000     40.0000000      0.8310000      0.0044000      0.5235520      0.0159860     -0.0100000   -999.0000000      2.0000000
     0.7075241      0.0634002      0.3024955      9.6910170      5.0931105      1.8979316      3.6503770     -6.7109924      1.2168347      0.0227983      0.1121110      0.0984006      0.4616938      0.0342036      0.7079522      0.0052032      0.0129147      0.0202818      1.2210000      0.0150000      0.1959600      0.0008700     19.4020000      0.4120000   4446.0000000     36.0000000      0.6697000      0.0089000      0.1578970      0.0036340     -0.1200000   -999.0000000      2.0000000
     0.7790102     -0.1381983      0.2670637     10.0049654     11.0442581      1.6161325      3.7082876     -7.0337027      0.6385889      0.0334288      0.1100066      0.0573667      0.3990978      0.1086639      0.4983290      0.0082068      0.0319043      0.0236862      0.6660000      0.0060000      0.0907100      0.0003000      9.2785000      0.0594400   5006.0000000     24.0000000      0.7897000      0.0077000      0.3523940      0.0032450     -0.3300000   -999.0000000      2.0000000
     0.8117563     -0.1403474      0.2817696     10.0947655      3.6502058      1.8312434      3.7175148     -5.9208070      2.0413193      0.0512418      0.1251980      0.0548442      0.5429499      0.0068936      0.5063724      0.0144690      0.0982579      0.1117716      2.0780000      0.0310000      0.2739600      0.0001700    119.8023000      1.3945000   5373.0000000     43.0000000      0.8153900      0.0121700      0.4988300      0.0058390     -0.6000000   -999.0000000      2.0000000
     0.3622328      0.1132260      0.2864051     10.0946455      3.5259304      1.9520197      3.5366730     -7.4038356      0.9237138      0.0068538      0.0799011      0.1104405      0.5544038      0.0308639      0.6202024      0.0029559      0.0070299      0.0109036      0.9370000      0.0080000      0.2830000      0.0016900      3.8975100      0.0449000   3398.0000000     17.0000000      0.3561000      0.0039000      0.0152080      0.0002520     -0.2300000   -999.0000000      7.0000000
     0.2793902      0.2157626      0.2989245     10.1095670      3.5103247      1.3013310      3.5228892     -7.6325963      0.7645620      0.0089976      0.1210620      0.1230778      0.5728020      0.0306443      0.8025445      0.0045619      0.0102255      0.0160721      0.8510000      0.0150000      0.2830000      0.0016900      2.2445300      0.0375400   3106.0000000     30.0000000      0.3232000      0.0061000      0.0087580      0.0001800     -0.3000000   -999.0000000      7.0000000
     0.4930546      0.1399617      0.2783162      9.8255538      5.8970210      1.7247410      3.5550505     -7.5180558      0.7280536      0.0090581      0.0846193      0.1127883      0.4920803      0.0478774      0.7206629      0.0031379      0.0050985      0.0112360      0.7470000      0.0080000      0.1703600      0.0010000      3.0174400      0.0229600   3570.0000000     20.0000000      0.4713000      0.0060000      0.0324910      0.0004550      0.1000000      0.0800000      7.0000000
     0.8210821     -0.1393327      0.2783155     10.0502626     10.0518079      1.9505031      3.7172617     -6.7875019      0.7454022      0.0487691      0.0877273      0.0638861      0.4836140      0.1243135      0.5350025      0.0126732      0.0951778      0.0426365      0.7630000      0.0210000      0.0993300      0.0005300     16.4083000      0.1966000   5394.0000000     76.0000000      0.8190000      0.0240000      0.5197140      0.0083390     -0.0400000   -999.0000000      2.0000000
     0.8165559     -0.1395640      0.2642241      9.8234591      5.7573429      1.8562158      3.7207252     -6.4052973      1.2460111      0.0397053      0.1131830      0.0676092      0.4498609      0.0143181      0.4166138      0.0089290      0.0469654      0.0455347      1.2540000      0.0120000      0.1737700      0.0001800     39.8109000      0.4271600   5251.0000000     29.0000000      0.7780000      0.0080000      0.4120160      0.0045020     -0.3100000   -999.0000000      2.0000000
     0.5630860      0.2166887      0.3042311     10.1231026      7.0378632      2.4255793      3.5769278     -7.4676851      0.7039361      0.0117212      0.0900728      0.1203333      0.5513272      0.0476879      0.7464703      0.0035501      0.0069184      0.0100588      0.7220000      0.0080000      0.1418700      0.0006400      3.3480900      0.0360300   3727.0000000     23.0000000      0.5472000      0.0067000      0.0519850      0.0007300     -0.0600000   -999.0000000      7.0000000
     0.7009808      0.1194010      0.2836692      9.9144880      3.4954616      1.9235856      3.6362288     -6.4457717      1.7551667      0.0192572      0.0936784      0.0986265      0.4220975      0.0102322      0.6280231      0.0032937      0.0083226      0.0200993      1.7750000      0.0130000      0.2860400      0.0005600     35.4910000      0.4440000   4289.0000000     21.0000000      0.6611000      0.0048000      0.1355580      0.0017770     -0.1900000   -999.0000000      7.0000000
     0.6179221     -0.0068491      0.2855723      9.5820562      3.5010218      1.9767763      3.6096550     -6.6501936      1.5594002      0.0168878      0.1251279      0.0840851      0.4413991      0.0106317      0.7035675      0.0038231      0.0054503      0.0259744      1.5810000      0.0220000      0.2860400      0.0005600     22.2523800      0.1923500   4044.0000000     29.0000000      0.6010000      0.0072000      0.0849930      0.0008070     -0.2200000   -999.0000000      7.0000000
     0.7613044      0.0854976      0.2887668      9.8960468      3.6220677      1.8593842      3.6645319     -6.2862233      1.8551326      0.0187385      0.0855831      0.0825328      0.3645896      0.0051550      0.5994845      0.0051964      0.0164396      0.0352324      1.8810000      0.0170000      0.2760600      0.0002800     51.4025000      1.0280000   4570.0000000     31.0000000      0.7320000      0.0060000      0.2107840      0.0042370     -0.0700000   -999.0000000      3.0000000
     0.5817410      0.1949161      0.2795903      9.5253256     10.0964815      1.8766544      3.5836395     -7.7442856      0.4952282      0.0161336      0.1282871      0.0970026      0.4380694      0.2336560      0.6722199      0.0045025      0.0053428      0.0104634      0.5320000      0.0140000      0.0976100      0.0015300      1.7910800      0.0148100   3713.0000000     49.0000000      0.5863000      0.0179000      0.0587470      0.0019050      0.1700000      0.0800000      7.0000000
     0.3474819      0.3480869      0.2894925      9.7952076      4.7014032      1.8826540      3.5232497     -7.7102381      0.6868516      0.0087499      0.0776514      0.0997585      0.4457158      0.0746779      0.6262091      0.0026282      0.0050946      0.0081945      0.7460000      0.0090000      0.2132800      0.0021200      1.9156600      0.0151700   3189.0000000     20.0000000      0.3761000      0.0059000      0.0131610      0.0002820      0.1700000      0.0800000      7.0000000
     0.5727069      0.2459105      0.2500935      9.6736991      6.8452688      1.8619655      3.5730067     -7.4484326      0.7385698      0.0103885      0.0797470      0.0915674      0.4445477      0.0689103      0.6042375      0.0022773      0.0048327      0.0066649      0.7440000      0.0040000      0.1460900      0.0010000      3.5448500      0.0271500   3724.0000000     12.0000000      0.5477000      0.0048000      0.0519060      0.0008140      0.2100000   -999.0000000      7.0000000
     0.4941515      0.0174397      0.2818915      8.8059468      3.2790084      2.5255123      3.5693177     -6.9636011      1.3094060      0.0114451      0.1223786      0.1322300      0.6127669      0.0104784      0.8277459      0.0043577      0.0096113      0.0251886      1.3040000      0.0320000      0.3052600      0.0007000     10.8945000      0.1680200   3724.0000000     48.0000000      0.4712000      0.0086000      0.0365370      0.0005880     -0.0600000   -999.0000000      7.0000000
     0.7741823     -0.0341029      0.2769665     10.1092057      6.5411671      1.8204617      3.6912890     -6.6763293      1.0338227      0.0268680      0.1367634      0.0577858      0.4972722      0.0309197      0.4603097      0.0081057      0.0156502      0.0352550      1.1060000      0.0070000      0.1527600      0.0002900     20.8979400      0.1220800   4759.0000000     17.0000000      0.7784000      0.0053000      0.2798630      0.0019500     -0.0500000   -999.0000000      2.0000000
     0.4082617      0.2318299      0.2785099     10.1256246      6.2053710      2.1772816      3.5383788     -7.7852916      0.5876506      0.0111933      0.0904791      0.1293326      0.5747541      0.0906903      0.7905188      0.0036401      0.0133725      0.0100807      0.6230000      0.0100000      0.1617600      0.0016600      1.5921600      0.0332500   3332.0000000     32.0000000      0.4139000      0.0076000      0.0190150      0.0005570      0.0300000      0.0800000      7.0000000
     0.1521752      0.3745790      0.2928410      9.4946957      3.1564490      1.7845461      3.4833154     -8.0973055      0.5318223      0.0031746      0.0555960      0.0904467      0.4292982      0.0101612      0.6428837      0.0028693      0.0124983      0.0062221      0.6080000      0.0080000      0.3167000      0.0007000      0.7589300      0.0118200   2802.0000000     21.0000000      0.2070000      0.0029000      0.0023650      0.0000380      0.2300000      0.0800000      7.0000000
     0.7869403     -0.1373025      0.2684632     10.0039322     16.8836569      1.7704651      3.7099985     -7.3695795      0.4263271      0.0357798      0.1337848      0.0582464      0.4783088      0.3722536      0.4577841      0.0092656      0.0423128      0.0165501      0.4330000      0.0140000      0.0594600      0.0005900      4.2998000      0.0860000   5123.0000000     87.0000000      0.7821000      0.0258000      0.3800670      0.0107080     -0.2800000   -999.0000000      2.0000000
