     0.7689980     -0.0105535      0.2606432      9.8252487      7.1604465      2.0117992      3.6842425     -6.7659789      0.9609974      0.0238995      0.1283332      0.0588354      0.4354712      0.0552964      0.3677517      0.0077600      0.0143999      0.0328174      1.0300000      0.0070000      0.1392700      0.0004500     17.1834000      0.1059100   4696.0000000     18.0000000      0.7949000      0.0062000      0.2768570      0.0024720     -0.2700000   -999.0000000      2.0000000
     0.7970755     -0.1355658      0.2764105      9.6772863     10.3210173      1.8321156      3.7065269     -6.9734556      0.6862754      0.0387522      0.1040600      0.0661596      0.4780041      0.1118844      0.5299912      0.0093647      0.0535039      0.0267003      0.7130000      0.0060000      0.0966000      0.0004000     11.5675000      0.2313500   5113.0000000     33.0000000      0.7935000      0.0072000      0.3873880      0.0083860      0.0800000   -999.0000000      3.0000000
     0.7751121     -0.1507284      0.2694677      9.6771246      3.2165336      1.9351927      3.7019815     -5.9977187      2.1479735      0.0335508      0.1071066      0.0725556      0.4409241      0.0033469      0.5038115      0.0065155      0.0240607      0.0536065      2.1480000      0.0290000      0.3109400      0.0001600    102.3041000      1.1903300   5080.0000000     37.0000000      0.7350000      0.0050000      0.3306750      0.0038620     -0.1600000   -999.0000000      2.0000000
     0.4141159     -0.1315276      0.2727593      9.4694790      3.5898091      1.7929233      3.5556934     -7.2465210      1.0077581      0.0059023      0.0716908      0.1095820      0.4638078      0.0154339      0.7403630      0.0012903      0.0049465      0.0058947      1.0050000      0.0050000      0.2787600      0.0007700      5.6687900      0.0454000   3603.0000000     12.0000000      0.3863000      0.0021000      0.0227980      0.0002220     -0.3000000   -999.0000000      7.0000000
     0.7870533     -0.1625313      0.2760438      9.8914728      4.9781446      1.7701804      3.7100266     -6.3019119      1.4560218      0.0454224      0.1075392      0.0446656      0.4921942      0.0160955      0.4359535      0.0103777      0.0560627      0.0535614      1.5040000      0.0060000      0.2006200      0.0002300     52.8799000      0.6227400   5148.0000000     18.0000000      0.8051000      0.0035000      0.4105850      0.0049260     -0.4400000   -999.0000000      2.0000000
     0.7010130      0.2652970      0.2841791      9.4210033     11.3731043      1.9913768      3.6252408     -7.5182299      0.5352782      0.0168066      0.1216920      0.0972459      0.4695757      0.2013206      0.5912071      0.0038087      0.0068368      0.0101440      0.5860000      0.0220000      0.0877800      0.0009700      3.0277100      0.0316900   4034.0000000     76.0000000      0.7176000      0.0280000      0.1227960      0.0030030      0.3900000      0.0800000      7.0000000
     0.4939232      0.1097515      0.2806196      9.4533106      9.2841185      1.9228286      3.5603459     -7.9018951      0.4637490      0.0153156      0.1164607      0.1045910      0.5082526      0.3270975      0.8121292      0.0052962      0.0054729      0.0118107      0.4540000      0.0190000      0.1078300      0.0028500      1.2537100      0.0111900   3676.0000000     77.0000000      0.4525000      0.0221000      0.0336960      0.0018060      0.1400000      0.0800000      7.0000000
     0.7777107     -0.0411905      0.2894230      9.6415721      8.6895033      1.8209403      3.6907744     -6.9169120      0.7884202      0.0292954      0.0965890      0.0562011      0.4595042      0.0754164      0.4604169      0.0076942      0.0210332      0.0204841      0.8290000      0.0070000      0.1148400      0.0005000     12.0460000      0.1425900   4790.0000000     25.0000000      0.7759000      0.0073000      0.2854420      0.0041950      0.1400000   -999.0000000      2.0000000
     0.6062232      0.2931283      0.2700425      9.4818124      5.6578306      1.8401402      3.5835539     -7.1961069      0.9395616      0.0115201      0.0761895      0.0709161      0.4323372      0.0520090      0.7156424      0.0020058      0.0058413      0.0068705      0.9430000      0.0040000      0.1767700      0.0011800      6.3402100      0.0537100   3825.0000000     11.0000000      0.5735000      0.0044000      0.0634090      0.0010030      0.4900000   -999.0000000      7.0000000
     0.6237661      0.1141294      0.2732388      9.4553221     11.2184631      1.9511116      3.6023983     -7.6888115      0.4891081      0.0170637      0.1347629      0.0889566      0.4343440      0.1926809      0.6645953      0.0048932      0.0059996      0.0106796      0.5190000      0.0150000      0.0889700      0.0010200      2.0395100      0.0198000   3883.0000000     57.0000000      0.6266000      0.0193000      0.0805190      0.0020050      0.0500000   -999.0000000      7.0000000
     0.7783403     -0.1772545      0.2958499      9.8786838     16.5378959      1.8697252      3.7106889     -7.3502818      0.4391620      0.0402070      0.1244937      0.0836418      0.4048372      0.4381778      0.4843294      0.0132098      0.0744337      0.0184616      0.4650000      0.0040000      0.0596400      0.0005600      4.8194000      0.1445800   5087.0000000     44.0000000      0.8387000      0.0109000      0.4234280      0.0149860     -0.8300000   -999.0000000      2.0000000
     0.8191203     -0.1541241      0.2927793      9.6220202     12.5050904      1.8172172      3.7196406     -7.0493099      0.5936529      0.0627943      0.1129833      0.0747533      0.5610986      0.1507114      0.5034972      0.0168050      0.1216552      0.0418696      0.6740000      0.0140000      0.0800400      0.0003500     11.9156000      0.2383100   5298.0000000     61.0000000      0.9058000      0.0190000      0.5812500      0.0126880     -0.1100000      0.0300000      2.0000000
     0.6018778      0.0611570      0.2714738      9.4960415      6.1669779      1.8839838      3.5980516     -7.2151882      0.8596894      0.0183967      0.1261926      0.1183715      0.5048133      0.1302657      0.6412152      0.0045773      0.0069000      0.0169131      0.8710000      0.0150000      0.1621300      0.0023700      6.0882300      0.0590400   3940.0000000     35.0000000      0.5773000      0.0131000      0.0723810      0.0022290     -0.0400000   -999.0000000      7.0000000
     0.5939238      0.0446804      0.2741770      9.5311397      6.1453673      1.9498344      3.5969058     -7.2270019      0.8524308      0.0191540      0.1416921      0.1153411      0.4870767      0.1295958      0.7200834      0.0048598      0.0077390      0.0168347      0.8560000      0.0160000      0.1621300      0.0023700      5.9220000      0.0714100   3947.0000000     39.0000000      0.5673000      0.0137000      0.0704050      0.0022270     -0.0400000   -999.0000000      7.0000000
     0.7567375     -0.3057476      0.2667776      9.2801223      7.4345632      1.8081698      3.7004116     -6.7904075      0.8738474      0.0139510      0.0801851      0.0808921      0.2794646      0.0505692      0.4447158      0.0053471      0.0161574      0.0099401      0.8680000      0.0040000      0.1341400      0.0005100     16.5153000      0.1930700   5065.0000000     19.0000000      0.6954000      0.0041000      0.2868340      0.0040000     -0.4200000   -999.0000000      2.0000000
     0.6793949      0.1971058      0.2631471      9.5627565      4.8751564      1.7801739      3.6200005     -6.8251500      1.2176770      0.0150237      0.0868957      0.0712524      0.3729800      0.0196877      0.6897399      0.0027858      0.0059780      0.0129793      1.2250000      0.0080000      0.2052100      0.0005400     14.9496600      0.1221900   4159.0000000     16.0000000      0.6398000      0.0046000      0.1109420      0.0010780      0.2400000   -999.0000000      7.0000000
     0.4367494      0.4509399      0.2578144      9.6652939      4.6844409      1.8397131      3.5335673     -7.5002528      0.8328561      0.0100458      0.0421880      0.1044176      0.3233506      0.1034602      0.5167120      0.0019109      0.0079848      0.0071805      0.8740000      0.0050000      0.2046000      0.0028000      2.9402500      0.0353900   3279.0000000     14.0000000      0.4593000      0.0068000      0.0219500      0.0006560      0.1500000      0.0800000      7.0000000
     0.3937784      0.0282725      0.2652525      9.5469082      6.6460873      1.8913593      3.5447228     -7.8592736      0.5233037      0.0110496      0.1564000      0.1432372      0.5233328      0.1042976      0.8446615      0.0050017      0.0079052      0.0129120      0.5670000      0.0150000      0.1501000      0.0017000      1.3742000      0.0163700   3366.0000000     46.0000000      0.4060000      0.0117000      0.0190610      0.0004880     -0.1900000   -999.0000000      4.0000000
     0.4127636     -0.0494609      0.2705425      9.4493719      2.5477021      1.8493004      3.5526141     -6.9636927      1.4163286      0.0073901      0.0998310      0.1224319      0.4770107      0.0067063      0.8273011      0.0028825      0.0055593      0.0174667      1.4320000      0.0130000      0.3926400      0.0006700     10.8213000      0.0956700   3548.0000000     18.0000000      0.3924000      0.0033000      0.0219360      0.0002080     -0.3800000   -999.0000000      7.0000000
     0.4129177     -0.1556200      0.2852730      9.4445343      4.8470751      1.8703151      3.5555159     -7.5087379      0.7450365      0.0087376      0.1158379      0.1724120      0.5143986      0.0368016      0.8003668      0.0030227      0.0088397      0.0104179      0.7640000      0.0170000      0.2062700      0.0010000      3.0865900      0.0422600   3550.0000000     41.0000000      0.3982000      0.0091000      0.0226710      0.0003800     -0.3700000   -999.0000000      7.0000000
     0.4541858      0.1237266      0.2668438      9.5254614     10.0883052      1.9267369      3.5513471     -8.0808366      0.3935341      0.0163911      0.1297016      0.1412838      0.5512913      0.3411168      0.7930474      0.0052817      0.0069391      0.0101369      0.4170000      0.0130000      0.0986100      0.0023300      0.8276600      0.0093200   3458.0000000     55.0000000      0.4546000      0.0182000      0.0265990      0.0012920      0.0100000   -999.0000000      7.0000000
     0.7187601     -0.3138044      0.2905462      9.3616642      9.0913083      1.9550134      3.6848003     -7.0591060      0.6894805      0.0187950      0.1298174      0.0553645      0.3569531      0.0669822      0.4298706      0.0064201      0.0081469      0.0150049      0.6790000      0.0070000      0.1099900      0.0004100      8.7658000      0.0600000   4888.0000000     27.0000000      0.6784200      0.0054800      0.2264370      0.0022920     -1.2600000   -999.0000000      3.0000000
     0.7717481     -0.1397932      0.2638966      9.6141204     11.0237010      1.8530883      3.6950166     -7.1141529      0.6167671      0.0306902      0.1098980      0.0831552      0.4199571      0.1647940      0.4908174      0.0063497      0.0185614      0.0140388      0.6220000      0.0060000      0.0903200      0.0007400      7.7674000      0.1142000   4955.0000000     30.0000000      0.7405000      0.0094000      0.2975560      0.0065510     -0.2400000   -999.0000000      2.0000000
     0.5091199     -0.0123928      0.2670034      9.5329445      7.6565349      1.8915982      3.5723847     -7.6554540      0.5826507      0.0121098      0.1162277      0.0988568      0.5019086      0.0916384      0.6850951      0.0038894      0.0052351      0.0105298      0.5930000      0.0160000      0.1306200      0.0010500      2.2061400      0.0182200   3705.0000000     51.0000000      0.4882000      0.0315000      0.0404090      0.0007300     -0.0900000      0.0800000      7.0000000
     0.4933441     -0.0121845      0.2545768      9.5110515      5.3863278      1.8358111      3.5685236     -7.3927636      0.8020914      0.0117362      0.1345435      0.1030271      0.5125313      0.0459208      0.8522850      0.0041908      0.0085907      0.0152086      0.8350000      0.0140000      0.1854900      0.0011000      4.0127200      0.0525100   3626.0000000     33.0000000      0.4840000      0.0084000      0.0364470      0.0006440     -0.3100000   -999.0000000      7.0000000
     0.7761394     -0.1887313      0.2586984      9.7914727      7.5068972      1.9299940      3.7142760     -6.6544122      0.9547852      0.0421703      0.1435461      0.0642594      0.4281453      0.1418861      0.4908634      0.0113121      0.0745806      0.0481397      0.9730000      0.0090000      0.1323800      0.0008200     25.8044000      0.3077000   5349.0000000     29.0000000      0.7910000      0.0080000      0.4601620      0.0079120     -0.9200000   -999.0000000      2.0000000
     0.1223454      0.0354760      0.2686219      9.4412812      1.2967561      1.9370831      3.4773142     -7.5111150      1.0713119      0.0019752      0.1260452      0.0976389      0.4341831      0.0066453      0.7141029      0.0044160      0.0149205      0.0249582      1.0110000      0.0520000      0.7716400      0.0026000      3.0602000      0.0612000   3079.0000000     81.0000000      0.1410000      0.0070000      0.0016060      0.0000340      0.0000000   -999.0000000      5.0000000
     0.8238159     -0.1350088      0.2705299      9.7362053      1.3376665      1.9490562      3.7188825     -5.0979716      5.5947192      0.0608680      0.1379458      0.0728922      0.4694399      0.0053592      0.4328150      0.0232269      0.1255738      0.3061066      6.0000000      0.0210000      0.7471000      0.0012000    865.4461100     17.3089000   5184.0000000     27.0000000      0.8671500      0.0028700      0.4845560      0.0098150      0.2100000   -999.0000000      3.0000000
     0.8210499     -0.1595682      0.2777721      9.7038506      6.6956994      1.8986210      3.7250659     -6.4700862      1.1280022      0.0686351      0.1465947      0.0880108      0.4993891      0.0711829      0.4570078      0.0179673      0.1323801      0.0854078      1.1960000      0.0140000      0.1489800      0.0004800     45.3513900      0.2972900   5555.0000000     34.0000000      0.8627000      0.0107000      0.6385520      0.0058700     -0.1600000   -999.0000000      2.0000000
     0.7546960      0.0056597      0.2682179      9.5816160      5.8791804      1.8760874      3.6707766     -6.6993765      1.1122515      0.0197814      0.1586022      0.0674780      0.4295623      0.0531587      0.5888876      0.0068681      0.0062220      0.0357489      1.1770000      0.0300000      0.1698500      0.0008200     20.0192000      0.1329000   4564.0000000     59.0000000      0.7390000      0.0190000      0.2168590      0.0025410     -0.0600000   -999.0000000      3.0000000
     0.3124114     -0.0554704      0.2648639      9.4468845      6.2508679      1.8690594      3.5371489     -8.0167743      0.4527691      0.0096629      0.1329712      0.1114643      0.4736332      0.0797051      0.7713704      0.0039211      0.0045157      0.0088782      0.4460000      0.0140000      0.1601200      0.0013300      0.9608500      0.0076700   3471.0000000     55.0000000      0.2990000      0.0100000      0.0117120      0.0002160     -0.1500000   -999.0000000      7.0000000
     0.8339968     -0.1557778      0.2840628      9.5928893     17.5769709      1.8525470      3.7245318     -7.3168396      0.4269137      0.0662442      0.1072019      0.0526561      0.5166933      0.2832079      0.4698244      0.0195883      0.1383854      0.0321069      0.4590000      0.0170000      0.0569100      0.0003400      6.7864900      0.1357300   5577.0000000    107.0000000      0.8668000      0.0324000      0.6548310      0.0152560      0.3300000   -999.0000000      2.0000000
     0.3409365     -0.1593140      0.2561993      9.5640552      6.5268628      1.9565605      3.5436473     -7.9622488      0.4669316      0.0073054      0.1026737      0.1024470      0.5308315      0.0600974      0.7658340      0.0023601      0.0064305      0.0057806      0.4750000      0.0130000      0.1534600      0.0009900      1.0874100      0.0120100   3469.0000000     48.0000000      0.3328000      0.0093000      0.0144300      0.0002450     -0.3500000      0.0800000      7.0000000
     0.8252662     -0.1483627      0.2673541      9.4050678      9.7355600      1.8500464      3.7181027     -6.8601749      0.7402081      0.0463185      0.1063237      0.0592270      0.5505230      0.1083284      0.4489576      0.0102004      0.0590944      0.0267353      0.7240000      0.0110000      0.1025500      0.0004000     14.8801000      0.0900000   5404.0000000     42.0000000      0.7591000      0.0122000      0.4421770      0.0043650      0.0400000   -999.0000000      3.0000000
     0.5318574      0.1107378      0.2782121      9.4525580     10.2914533      1.8770853      3.5704313     -7.8852062      0.4510661      0.0130981      0.1066897      0.1002220      0.4815033      0.2150176      0.8010994      0.0041312      0.0062330      0.0091707      0.4840000      0.0120000      0.0966700      0.0013900      1.2984000      0.0128600   3592.0000000     45.0000000      0.5387000      0.0157000      0.0434200      0.0013210      0.0300000      0.0800000      7.0000000
     0.6726744      0.1535160      0.2688955      9.5226274      7.6944098      1.8583369      3.6201424     -7.2268536      0.7660645      0.0163172      0.1005694      0.0600931      0.4558020      0.0665895      0.5789090      0.0032229      0.0054974      0.0097669      0.7680000      0.0070000      0.1298600      0.0007300      5.9265400      0.0446000   4168.0000000     21.0000000      0.6359000      0.0071000      0.1098280      0.0014860      0.1900000   -999.0000000      7.0000000
     0.7994422     -0.1595582      0.2464311      9.7624740     12.8153834      1.9092168      3.7136571     -7.1037102      0.5650065      0.0383365      0.1114706      0.0476173      0.4355346      0.1465857      0.4605658      0.0093237      0.0529889      0.0221578      0.5730000      0.0100000      0.0781100      0.0003000      8.2539000      0.1000000   5242.0000000     48.0000000      0.7891000      0.0144000      0.4227730      0.0060650     -0.5200000   -999.0000000      2.0000000
     0.4269643      0.1978933      0.2578112      9.5055961      4.5295557      1.9090048      3.5422621     -7.4710200      0.8283177      0.0089730      0.1065212      0.1063502      0.5105195      0.0288814      0.7416907      0.0037170      0.0051794      0.0151004      0.8590000      0.0140000      0.2208400      0.0009400      3.3631300      0.0283100   3421.0000000     29.0000000      0.4183000      0.0070000      0.0215500      0.0002580      0.0500000   -999.0000000      7.0000000
     0.8061557     -0.1406504      0.2730050      9.8070069      7.5087758      1.9015008      3.7114134     -6.6502890      0.9713506      0.0394253      0.0905271      0.0637767      0.3811616      0.0670396      0.4794005      0.0094893      0.0566908      0.0360325      1.0000000      0.0040000      0.1327600      0.0005000     24.2500000      0.2825400   5195.0000000     18.0000000      0.8101000      0.0045000      0.4299700      0.0059650     -0.1400000   -999.0000000      2.0000000
     0.1661512     -0.1403552      0.2757229      9.3679040      1.8241835      1.7420638      3.5073788     -7.4874374      0.9535727      0.0017801      0.0879266      0.0916291      0.4326790      0.0074193      0.6309979      0.0019845      0.0095767      0.0077565      0.9520000      0.0050000      0.5483100      0.0015100      3.2629200      0.0565900   3225.0000000     16.0000000      0.1869000      0.0012000      0.0033920      0.0000620     -0.4000000   -999.0000000      7.0000000
     0.8200454     -0.1360388      0.2601326      9.6640198      5.0728388      1.8900220      3.7113900     -6.3114174      1.4439642      0.0610484      0.1949175      0.0580088      0.5218281      0.0542271      0.5732226      0.0282205      0.1357913      0.0685982      1.5150000      0.0050000      0.1959600      0.0008700     64.3329600      1.8793900   5386.0000000     40.0000000      0.8310000      0.0044000      0.5235520      0.0159860     -0.0100000   -999.0000000      2.0000000
     0.7075241      0.0092437      0.2906026      9.5589126      5.1004805      1.8492559      3.6490666     -6.7104562      1.2155876      0.0227983      0.1121110      0.0984006      0.4616938      0.0342036      0.7079522      0.0052032      0.0129147      0.0202818      1.2210000      0.0150000      0.1959600      0.0008700     19.4020000      0.4120000   4446.0000000     36.0000000      0.6697000      0.0089000      0.1578970      0.0036340     -0.1200000   -999.0000000      2.0000000
     0.7790102     -0.1477052      0.2665977      9.7099659     11.0263748      1.8079488      3.7037431     -7.0432334      0.6376359      0.0334288      0.1100066      0.0573667      0.3990978      0.1086639      0.4983290      0.0082068      0.0319043      0.0236862      0.6660000      0.0060000      0.0907100      0.0003000      9.2785000      0.0594400   5006.0000000     24.0000000      0.7897000      0.0077000      0.3523940      0.0032450     -0.3300000   -999.0000000      2.0000000
     0.8117563     -0.1493188      0.2775221      9.6353932      3.6494589      1.8750734      3.7171964     -6.0027214      2.0043509      0.0512418      0.1251980      0.0548442      0.5190541      0.0068936      0.5063724      0.0144690      0.0964185      0.1117716      2.0780000      0.0310000      0.2739600      0.0001700    119.8023000      1.3945000   5373.0000000     43.0000000      0.8153900      0.0121700      0.4988300      0.0058390     -0.6000000   -999.0000000      2.0000000
     0.3622328      0.1195449      0.2801416      9.5268248      3.5292999      1.8335276      3.5357725     -7.4043357      0.9218254      0.0068538      0.0799011      0.1104405      0.5108783      0.0308639      0.6202024      0.0029559      0.0070299      0.0109036      0.9370000      0.0080000      0.2830000      0.0016900      3.8975100      0.0449000   3398.0000000     17.0000000      0.3561000      0.0039000      0.0152080      0.0002520     -0.2300000   -999.0000000      7.0000000
     0.2793902      0.1874637      0.2797559      9.6631806      3.5265946      1.7735424      3.5220500     -7.6324280      0.7571308      0.0089976      0.1210620      0.1230778      0.5388429      0.0306443      0.8025445      0.0045619      0.0102255      0.0160721      0.8510000      0.0150000      0.2830000      0.0016900      2.2445300      0.0375400   3106.0000000     30.0000000      0.3232000      0.0061000      0.0087580      0.0001800     -0.3000000   -999.0000000      7.0000000
     0.4930546      0.1807725      0.2695251      9.5549652      5.8727314      1.8458438      3.5563179     -7.5187004      0.7343573      0.0090581      0.0846193      0.1127883      0.4920803      0.0478774      0.7206629      0.0031379      0.0050985      0.0112360      0.7470000      0.0080000      0.1703600      0.0010000      3.0174400      0.0229600   3570.0000000     20.0000000      0.4713000      0.0060000      0.0324910      0.0004550      0.1000000      0.0800000      7.0000000
     0.8210821     -0.1463392      0.2773883      9.6255161     10.0485582      1.8559471      3.7186601     -6.8618297      0.7366629      0.0487691      0.0877273      0.0638861      0.4836140      0.1243135      0.5350025      0.0126732      0.0951778      0.0426365      0.7630000      0.0210000      0.0993300      0.0005300     16.4083000      0.1966000   5394.0000000     76.0000000      0.8190000      0.0240000      0.5197140      0.0083390     -0.0400000   -999.0000000      2.0000000
     0.8165559     -0.1447030      0.2620729      9.5294933      5.7555159      1.9075080      3.7145474     -6.4212821      1.2448544      0.0397053      0.1131830      0.0676092      0.4498609      0.0143181      0.4166138      0.0089290      0.0469654      0.0455347      1.2540000      0.0120000      0.1737700      0.0001800     39.8109000      0.4271600   5251.0000000     29.0000000      0.7780000      0.0080000      0.4120160      0.0045020     -0.3100000   -999.0000000      2.0000000
     0.5630860      0.1636681      0.2912723      9.6274246      7.0431216      1.8906304      3.5768693     -7.4719533      0.7050417      0.0117212      0.0900728      0.1203333      0.4825217      0.0476879      0.7464703      0.0035501      0.0069184      0.0100588      0.7220000      0.0080000      0.1418700      0.0006400      3.3480900      0.0360300   3727.0000000     23.0000000      0.5472000      0.0067000      0.0519850      0.0007300     -0.0600000   -999.0000000      7.0000000
     0.7009808      0.1144690      0.2737700      9.5819432      3.4950209      1.8600218      3.6355896     -6.4464021      1.7527994      0.0192572      0.0936784      0.0986265      0.4220975      0.0102322      0.6280231      0.0032937      0.0083226      0.0200993      1.7750000      0.0130000      0.2860400      0.0005600     35.4910000      0.4440000   4289.0000000     21.0000000      0.6611000      0.0048000      0.1355580      0.0017770     -0.1900000   -999.0000000      7.0000000
     0.6179221     -0.0092674      0.2825872      9.5172826      3.4960061      1.9896138      3.6097434     -6.6517756      1.5584761      0.0168878      0.1251279      0.0840851      0.4413991      0.0106317      0.7035675      0.0038231      0.0054503      0.0259744      1.5810000      0.0220000      0.2860400      0.0005600     22.2523800      0.1923500   4044.0000000     29.0000000      0.6010000      0.0072000      0.0849930      0.0008070     -0.2200000   -999.0000000      7.0000000
     0.7613044      0.1002403      0.2868617      9.7198526      3.6224500      1.8715648      3.6646020     -6.2878588      1.8390934      0.0187385      0.0855831      0.0825328      0.3645896      0.0051550      0.5994845      0.0051964      0.0164396      0.0352324      1.8810000      0.0170000      0.2760600      0.0002800     51.4025000      1.0280000   4570.0000000     31.0000000      0.7320000      0.0060000      0.2107840      0.0042370     -0.0700000   -999.0000000      3.0000000
     0.5817410      0.1803389      0.2606844      9.5107438     10.2179956      1.8956947      3.5823282     -7.7459034      0.5011684      0.0161336      0.1282871      0.0970026      0.4380694      0.2336560      0.6722199      0.0045025      0.0053428      0.0104634      0.5320000      0.0140000      0.0976100      0.0015300      1.7910800      0.0148100   3713.0000000     49.0000000      0.5863000      0.0179000      0.0587470      0.0019050      0.1700000      0.0800000      7.0000000
     0.3474819      0.3823846      0.2712349      9.6340292      4.6626502      1.7874169      3.5229855     -7.7114115      0.6864045      0.0087499      0.0776514      0.0997585      0.4457158      0.0746779      0.6262091      0.0026282      0.0050946      0.0081945      0.7460000      0.0090000      0.2132800      0.0021200      1.9156600      0.0151700   3189.0000000     20.0000000      0.3761000      0.0059000      0.0131610      0.0002820      0.1700000      0.0800000      7.0000000
     0.5727069      0.2714159      0.2542381      9.5736923      6.8267292      1.9226002      3.5730274     -7.4484020      0.7383520      0.0103885      0.0797470      0.0915674      0.4445477      0.0689103      0.6042375      0.0022773      0.0048327      0.0066649      0.7440000      0.0040000      0.1460900      0.0010000      3.5448500      0.0271500   3724.0000000     12.0000000      0.5477000      0.0048000      0.0519060      0.0008140      0.2100000   -999.0000000      7.0000000
     0.4941515     -0.0119143      0.2709708      9.3790318      3.2767012      1.9661734      3.5685769     -6.9637777      1.3165691      0.0114451      0.1223786      0.1322300      0.5418309      0.0104784      0.8277459      0.0043577      0.0096113      0.0251886      1.3040000      0.0320000      0.3052600      0.0007000     10.8945000      0.1680200   3724.0000000     48.0000000      0.4712000      0.0086000      0.0365370      0.0005880     -0.0600000   -999.0000000      7.0000000
     0.7741823     -0.0522626      0.2735674      9.6941102      6.5392144      1.9165429      3.6889537     -6.6818912      1.0458652      0.0268680      0.1367634      0.0577858      0.4676214      0.0309197      0.4603097      0.0081057      0.0156502      0.0352550      1.1060000      0.0070000      0.1527600      0.0002900     20.8979400      0.1220800   4759.0000000     17.0000000      0.7784000      0.0053000      0.2798630      0.0019500     -0.0500000   -999.0000000      2.0000000
     0.4082617      0.2170990      0.2675821      9.6392908      6.1636009      1.8972958      3.5384390     -7.7840916      0.5879720      0.0111933      0.0904791      0.1293326      0.5106654      0.0906903      0.7905188      0.0036401      0.0133725      0.0100807      0.6230000      0.0100000      0.1617600      0.0016600      1.5921600      0.0332500   3332.0000000     32.0000000      0.4139000      0.0076000      0.0190150      0.0005570      0.0300000      0.0800000      7.0000000
     0.1521752      0.3300921      0.2868473      9.4299056      3.1570161      1.9786065      3.4822313     -8.0965175      0.5326367      0.0031746      0.0555960      0.0904467      0.4292982      0.0101612      0.6428837      0.0028693      0.0124983      0.0062221      0.6080000      0.0080000      0.3167000      0.0007000      0.7589300      0.0118200   2802.0000000     21.0000000      0.2070000      0.0029000      0.0023650      0.0000380      0.2300000      0.0800000      7.0000000
     0.7869403     -0.1580766      0.2663272      9.6407642     16.7542240      1.8122482      3.7090420     -7.3844432      0.4207192      0.0357798      0.1337848      0.0582464      0.4783088      0.3722536      0.4577841      0.0092656      0.0423128      0.0165501      0.4330000      0.0140000      0.0594600      0.0005900      4.2998000      0.0860000   5123.0000000     87.0000000      0.7821000      0.0258000      0.3800670      0.0107080     -0.2800000   -999.0000000      2.0000000
